-1	
-1	
-1	
2728	
-1	
3998	
12992	
-1	
-1	
2728	
2062	
-1	
-1	
-1	
7595	
18381	
-1	
-1	
6130	
449	
-1	
-1	
13147	
-1	
14121	
-1	
-1	
-1	
2728	
5180	
-1	
-1	
-1	
-1	
313	
-1	
-1	
2728	
-1	
11797	13147	13148	
-1	
5214	
-1	
-1	
-1	
-1	
-1	
-1	
-1	
-1	
3117	
2728	
18783	
2728	
-1	
-1	
-1	
-1	
-1	
17881	
9136	
-1	
-1	
2062	
2728	
-1	
17416	
-1	
17416	
-1	
17416	
-1	
-1	
10691	
12993	
-1	
-1	
17416	
-1	
281	
12980	
-1	
739	
10691	
6671	
-1	
11796	
2728	
10655	
13148	
-1	
2728	
-1	
-1	
-1	
4957	
824	
-1	
-1	
-1	
-1	
6130	
-1	
-1	
-1	
5372	
-1	
-1	
-1	
-1	
12176	
2728	
7935	
5214	
-1	
-1	
-1	
5372	
10330	
-1	
-1	
-1	
17880	
4943	
-1	
2062	
2728	
17416	
-1	
-1	
6130	
6130	
4250	
8778	8779	
2728	
-1	
2728	
-1	
18156	
12990	
9842	
1373	16821	13172	16823	16822	18367	
-1	
-1	
-1	
-1	
2270	
-1	
-1	
-1	
-1	
9842	
-1	
-1	
-1	
-1	
14121	
-1	
-1	
-1	
-1	
-1	
-1	
14121	
-1	
-1	
-1	
313	3117	
-1	
-1	
-1	
-1	
-1	
-1	
2062	
-1	
-1	
5506	
5372	
-1	
2728	
5214	
-1	
18676	
2062	2064	
12980	
-1	
-1	
12989	
2728	
-1	
-1	
4957	
-1	
2062	
-1	
2062	
5372	
18381	5372	
-1	
9817	
-1	
-1	
10837	
-1	
-1	
-1	
-1	
889	890	
-1	
-1	
-1	
-1	
-1	
-1	
-1	
14494	
-1	
5205	
2062	2064	2070	2058	
-1	
10568	
3117	
268	
1239	
-1	
13148	13147	
2062	
13518	
17416	
10568	9136	9248	14698	6291	18580	7935	4953	4772	
1342	1254	
313	
5372	
17416	
879	
-1	
-1	
474	
4771	16826	8113	
13518	
-1	
-1	
-1	
-1	
-1	
-1	
-1	
4957	
-1	
2731	2726	2728	2728	
-1	
662	662	
-1	
-1	
-1	
10691	
-1	
889	
-1	
-1	
7935	
2062	
-1	
7763	
-1	
17416	
-1	
-1	
314	
-1	
-1	
4957	
17416	6130	
3963	
-1	
-1	
313	
-1	
-1	
-1	
314	
9842	
14121	
13634	2728	
662	
18381	
-1	
14494	
9842	
-1	
-1	
-1	
-1	
-1	
18676	
8778	
-1	
-1	
-1	
14121	
3117	
2062	
-1	
17881	
-1	
13148	9890	
2728	
9842	
7935	
14114	
-1	
-1	
-1	
13606	
-1	
-1	
-1	
-1	
-1	
-1	
13147	
-1	
-1	
-1	
13634	
-1	
2728	
2728	
-1	
10691	
-1	
2728	
-1	
-1	
-1	
-1	
-1	
2728	
6130	
13601	
2062	2064	2070	2058	890	889	
5204	
-1	
890	
11474	
-1	
-1	
14494	
890	
-1	
-1	
-1	
-1	
739	
-1	
19103	
2728	
-1	
-1	
6881	
-1	
17416	
-1	
-1	
-1	
-1	
-1	
11796	7595	
18666	
-1	
-1	
10577	
-1	
7595	
10691	
-1	
14494	
2728	
-1	
-1	
17881	
2062	2064	2070	2058	1239	
-1	
6130	
6671	
2062	
2728	
6130	
2728	
824	
662	
-1	
17416	
-1	
-1	
-1	
-1	
-1	
2728	
17416	
-1	
-1	
17416	
18381	5372	
-1	
12993	
-1	
17416	
6131	
13775	
-1	
-1	
14121	
2728	
-1	
-1	
-1	
17880	
-1	
10691	
5372	
5214	
-1	
-1	
-1	
-1	
-1	
2062	
17416	
2728	
14121	
5372	
14114	
10691	
-1	
12992	12990	12992	12990	12990	12992	
313	3117	
6791	268	5698	9681	19216	9248	13145	
2728	
9890	3981	3967	13147	13148	3968	
-1	
-1	
2728	
10691	
2062	
314	313	
1254	1342	
-1	
-1	
13644	
-1	
-1	
-1	
-1	
10680	
14114	
2062	
12993	
5214	
-1	
14121	
-1	
-1	
9681	
-1	
2728	
-1	
-1	
10577	
-1	
-1	
4990	
-1	
3962	
7595	
-1	
12980	
-1	
-1	
5167	
-1	
-1	
-1	
12694	
12993	
-1	
-1	
-1	
-1	
5214	
10687	
-1	
13634	
-1	
7595	
6671	
-1	
17416	
-1	
-1	
-1	
-1	
-1	
-1	
-1	
-1	
-1	
17416	
-1	
-1	
2728	
10691	
18676	
2062	
662	
10618	10149	
1254	1342	
-1	
10577	
-1	
17416	
2728	
-1	
18676	
4783	
-1	
1643	
-1	
-1	
890	
-1	
-1	
13606	
-1	
-1	
313	
-1	
-1	
2062	
-1	
2728	
-1	
6881	6881	6881	
-1	
-1	
-1	
-1	
2728	
10691	
-1	
313	13416	3117	13415	
658	
-1	
-1	
13147	
-1	
3588	
5372	
-1	
-1	
10691	
13634	
2728	
-1	
-1	
-1	
-1	
-1	
-1	
5506	5731	
-1	
-1	
18381	
9842	
9702	1748	
-1	
10680	
662	
313	
-1	
-1	
-1	
-1	
4943	
-1	
-1	
-1	
5214	
13172	
-1	
-1	
13172	18367	
-1	
-1	
-1	
-1	
-1	
7935	
2728	
14109	
5506	
-1	
17416	
2728	
-1	
-1	
-1	
17881	
-1	
13323	
12195	
-1	
1643	
662	7575	7763	3985	10482	3949	9702	10330	4946	9703	7764	10481	7935	474	4943	6825	4973	8514	599	4957	8513	658	10765	646	636	654	639	637	647	652	1643	12668	4953	286	5372	479	11797	4959	
8421	10680	
-1	
-1	
17416	
2062	
-1	
-1	
-1	
6545	
2270	
-1	
-1	
-1	
17881	
2062	
-1	
12989	12990	12991	12992	17905	
14114	
2728	
-1	
10691	
-1	
-1	
13323	
-1	
1239	
-1	
3117	
2728	
-1	
-1	
-1	
10687	
-1	
3981	3971	3982	
268	6545	
-1	
2728	
-1	
5709	
17416	
18676	
3849	
-1	
14113	
-1	
5506	
-1	
-1	
-1	
2728	
-1	
18676	
13148	
9702	9703	
-1	
2728	
-1	
-1	
-1	
-1	
13518	
-1	
5709	
7935	
2062	
313	
-1	
-1	
-1	
4957	
-1	
-1	
-1	
2728	
1748	
-1	
5214	
-1	
14494	
10691	
-1	
10691	
-1	
-1	
17416	
-1	
2728	
-1	
17881	
14114	
-1	
-1	
2728	
-1	
13518	
1254	1342	
-1	
2062	
-1	
-1	
-1	
13148	
314	
-1	
5214	
-1	
-1	
449	
-1	
-1	
-1	
-1	
-1	
9136	
-1	
12656	
4957	
-1	
-1	
16896	
739	
16269	
-1	
-1	
10687	
10691	
16896	
-1	
-1	
17416	18676	
17416	
-1	
13147	13148	
-1	
658	5167	
3117	
-1	
-1	
-1	
14121	
17932	
17416	
739	
13095	
17416	
6230	
2062	
739	
-1	
-1	
2062	2064	
6130	
18367	13172	
-1	
-1	
-1	
-1	
-1	
10691	
-1	
-1	
-1	
3117	
-1	
17416	
18676	
-1	
4957	
-1	
-1	
14698	1643	
-1	
449	
2728	
-1	
5214	
2728	
-1	
5372	
-1	
6607	6608	
-1	
16818	
12992	
-1	
-1	
-1	
-1	
6291	
6495	
14494	
-1	
565	16511	6846	656	
14114	
16818	
-1	
-1	
-1	
-1	
6545	
-1	
-1	
4943	
4957	
-1	
-1	
-1	
-1	
2728	
-1	
-1	
-1	
-1	
7575	
-1	
5372	
890	
-1	
-1	
3950	
-1	
2728	
2728	
-1	
17416	6230	
11031	10567	1603	
-1	
8573	
-1	
-1	
17416	18676	
6130	
-1	
2062	
2062	
-1	
-1	
9681	
-1	
662	
2728	
-1	
17416	
-1	
5214	
-1	
314	
-1	
-1	
-1	
2062	
-1	
-1	
-1	
17881	
5225	
17416	
4783	
5214	
10837	
17881	
-1	
8514	
-1	
12992	
-1	
-1	
-1	
-1	
-1	
14494	
-1	
-1	
6607	
2728	
-1	
-1	
3952	
985	
-1	
-1	
8377	
18676	
1748	
2062	
11797	
-1	
-1	
1781	
-1	
7575	
3849	
-1	
-1	
-1	
-1	
-1	
-1	
662	
10691	
12980	449	12993	12989	
-1	
-1	
17881	
-1	
12980	
-1	
314	
17416	
17416	
10330	
-1	
-1	
-1	
7575	
-1	
12990	12993	12989	
14114	
18367	
-1	
2732	
-1	
-1	
-1	
-1	
-1	
-1	
-1	
-1	
313	
-1	
-1	
-1	
17416	
-1	
10687	
-1	
-1	
-1	
-1	
-1	
-1	
-1	
-1	
13172	
313	
-1	
-1	
12684	
-1	
-1	
-1	
2731	2726	2728	
-1	
-1	
18381	
-1	
-1	
599	
14114	
-1	
-1	
-1	
12694	
-1	
-1	
-1	
2728	
-1	
-1	
2728	
17416	
-1	
13518	
-1	
16828	307	1538	1539	16828	
17445	
-1	
17881	
-1	
-1	
10837	
2062	
-1	
449	
5506	
-1	
-1	
7767	14520	
-1	
-1	
10655	
10691	
18676	
12989	12990	
-1	
-1	
-1	
6671	
-1	
-1	
-1	
6545	
5205	
6846	307	
-1	
5214	
-1	
-1	
-1	
-1	
-1	
-1	
9842	
2974	
9890	13607	13606	
11359	1643	14698	5225	14121	
18381	
-1	
-1	
-1	
9681	
8055	
-1	
-1	
-1	
-1	
2728	
-1	
-1	
-1	
-1	
-1	
-1	
-1	
-1	
9681	
13172	
2728	
3950	
-1	
658	
2728	
-1	
-1	
2728	
18676	
889	890	
17416	
-1	
-1	
-1	
890	
14114	
3117	
-1	
13518	
10691	10680	
-1	
17416	6130	
10655	
3117	
6131	
-1	
13518	
17881	
313	
13518	
1539	
-1	
-1	
9681	
-1	
-1	
2728	
17416	
-1	
-1	
6671	
2728	
-1	
14494	
-1	
-1	
-1	
6846	
3849	
-1	
3998	
5659	
10691	
-1	
-1	
-1	
1239	
-1	
14121	
-1	
-1	
11797	18381	
-1	
15496	
-1	
-1	
17416	10655	
-1	
2270	
-1	
-1	
2270	
13172	
-1	
-1	
2728	
-1	
11796	
2728	
-1	
-1	
-1	
-1	
-1	
3117	
-1	
9248	14520	11904	4250	13144	4819	268	13145	
-1	
-1	
2062	
-1	
-1	
-1	
2728	
313	
14114	14113	
17416	
17882	
314	
-1	
17416	
5372	
-1	
-1	
-1	
17416	12694	
-1	
-1	
10687	
-1	
-1	
-1	
-1	
-1	
17416	18676	
14114	
-1	
-1	
2733	14114	2728	2731	2735	2726	2732	5506	2728	2730	2734	
6607	6608	6671	
-1	
889	313	
11796	
10691	
-1	
2728	
10691	
-1	
13644	
-1	
-1	
662	
8513	141	5659	
-1	
13095	
2062	
17880	
-1	
200	1212	
-1	
-1	
662	
10687	
13147	
-1	
-1	
17416	
10655	
-1	
-1	
18381	
2974	
16896	
449	
2062	
2728	
4957	
10691	
-1	
313	
-1	
13518	
313	3117	
9681	
2062	
14114	
-1	
-1	
18580	
13518	
-1	
-1	
-1	
18381	
-1	
-1	
13148	13147	9890	8421	13089	
-1	
-1	
-1	
-1	
313	
-1	
-1	
449	
332	
-1	
-1	
-1	
10691	
662	
-1	
-1	
-1	
-1	
-1	
-1	
13323	
2728	
2728	
-1	
6131	
-1	
6230	
13147	
13147	13148	
-1	
-1	
-1	
6671	
-1	
2062	
-1	
-1	
3950	
313	
-1	
-1	
-1	
8521	
313	
-1	
-1	
-1	
2062	
-1	
5214	
890	
-1	
-1	
-1	
2154	
-1	
3963	
13148	13147	
-1	
-1	
17881	
285	
13601	
-1	
-1	
-1	
-1	
-1	
-1	
-1	
14114	
-1	
313	
5214	
18160	
-1	
313	
-1	
-1	
313	
-1	
10655	
2728	
-1	
-1	
-1	
3117	
11797	13089	
-1	
-1	
313	
13148	13147	
-1	
-1	
-1	
2062	
2728	
7575	
-1	
-1	
-1	
-1	
2062	
10691	
-1	
17881	6292	
2062	
-1	
-1	
-1	
-1	
-1	
14114	
-1	
-1	
6545	
-1	
3950	
-1	
-1	
-1	
-1	
-1	
-1	
-1	
-1	
313	
-1	
13148	13147	
-1	
-1	
5577	
-1	
-1	
13518	
739	
-1	
-1	
-1	
12694	
-1	
17881	17880	
14121	
-1	
13775	
-1	
-1	
-1	
14114	
13812	
10568	
-1	
6230	
-1	
-1	
7595	
-1	
18676	
18783	
-1	
-1	
12694	
-1	
-1	
10687	
-1	
-1	
10577	
5214	
-1	
-1	
-1	
2062	
-1	
17416	
-1	
407	6545	
-1	
12986	
-1	
13147	
-1	
-1	
-1	
2062	
5751	
-1	
-1	
15496	
-1	
-1	
-1	
-1	
-1	
-1	
13518	
449	
18156	
-1	
-1	
-1	
-1	
6545	
-1	
10837	
-1	
10687	
2731	2726	2728	2728	
-1	
-1	
-1	
14114	
-1	
6130	
10691	
13323	
-1	
9842	
-1	
17416	
14114	739	13147	14113	13147	3117	13622	7478	8377	5214	13147	3117	
-1	
-1	
6671	
14114	
-1	
268	9248	
2062	
1239	
-1	
10687	
-1	
-1	
-1	
-1	
-1	
18580	
890	
-1	
-1	
-1	
-1	
-1	
2728	
-1	
14114	
-1	
17881	
5205	
-1	
-1	
2728	
11230	
-1	
-1	
-1	
-1	
-1	
5709	
5372	
-1	
-1	
13002	12993	
9681	
-1	
-1	
-1	
17416	
-1	
-1	
17416	
739	
-1	
-1	
2728	
-1	
739	
-1	
2062	
-1	
12992	
2728	
-1	
18367	
6130	
-1	
313	4959	3117	3588	7595	4957	
-1	
4783	
18160	
-1	
6608	6607	
17416	
2062	
11474	
14113	
-1	
-1	
-1	
2062	2064	
5372	
313	
5214	
-1	
-1	
14113	
-1	
-1	
-1	
-1	
-1	
-1	
3117	
18783	
-1	
-1	
-1	
6846	14109	565	
889	890	
13148	13147	
-1	
6545	
12993	
-1	
-1	
268	
5709	
5214	
-1	
313	
313	3117	
739	
5372	
-1	
-1	
2062	2064	
17416	
2728	
2728	
-1	
-1	
-1	
1239	2062	2064	
-1	
889	286	11796	7575	11797	19103	5225	282	11359	890	6989	285	
-1	
-1	
-1	
6130	
-1	
12990	12992	
-1	
890	889	
313	3117	
-1	
12992	12990	
-1	
-1	
-1	
-1	
18783	
10687	
-1	
2062	
2728	
-1	
662	
13147	13148	
890	
-1	
13147	
6747	
-1	
5225	
7935	2025	
6607	6608	
-1	
-1	
-1	
-1	
599	
2062	
-1	
-1	
449	
6230	
-1	
-1	
-1	
1538	
2062	
-1	
-1	
-1	
-1	
-1	
-1	
-1	
8055	
18156	16606	18676	
-1	
-1	
-1	
13089	
17416	
-1	
-1	
-1	
-1	
-1	
10568	3849	
-1	
-1	
10691	
-1	
-1	
-1	
18783	18784	6576	13145	9248	
449	
10691	
-1	
10691	10680	
12668	16818	12668	13814	12656	13645	13644	
-1	
-1	
-1	
-1	
-1	
2270	
11868	
-1	
-1	
18676	
2728	
-1	
-1	
-1	
-1	
1254	1342	
-1	
662	
-1	
10680	8573	
-1	
2154	
-1	
-1	
-1	
2728	
14732	5204	4772	
-1	
-1	
1643	
314	
2062	1239	
-1	
-1	
-1	
-1	
-1	
10687	
-1	
-1	
1804	
-1	
-1	
17416	
2062	
-1	
13634	
-1	
9842	
-1	
-1	
-1	
-1	
2728	
17416	
-1	
-1	
-1	
17416	6130	6258	
-1	
13622	
18160	
10691	
-1	
14121	
-1	
-1	
6607	6608	
-1	
313	
6230	
313	
-1	
14494	
739	
-1	
890	
-1	
17416	
-1	
-1	
2728	
4953	
2728	
-1	
17416	
17416	
13147	13148	
-1	
-1	
-1	
5214	
-1	
6292	
2728	
-1	
-1	
13147	
6494	
-1	
-1	
12856	1701	10432	281	10431	14109	12855	280	
-1	
9889	
8513	8514	
662	
13145	18782	9248	18783	18784	6576	4250	13144	
7595	
9842	
4957	
6130	
-1	
10687	
-1	
-1	
-1	
-1	
-1	
14114	
-1	
-1	
-1	
-1	
6671	
-1	
18676	
8055	
3967	
7595	
12694	
-1	
-1	
6495	6494	
5214	
-1	
13148	13147	
18156	
-1	
-1	
-1	
6607	6608	6671	
17416	
9890	
11474	9842	
11653	1748	
8514	
12989	12990	12992	
-1	
17416	
-1	
-1	
-1	
11797	
7595	
-1	
-1	
2728	
4953	
-1	
-1	
10691	
10687	
14494	
-1	
10618	
-1	
10577	10837	
4250	
-1	
-1	
6130	
6671	
-1	
-1	
-1	
6131	
9890	13148	13147	8421	17400	
13172	
-1	
-1	
-1	
18381	6612	
2728	
-1	
6130	
-1	
17416	
9681	
10689	8377	9681	5698	10687	17882	
14114	
-1	
-1	
6131	
11797	
2728	
10618	739	10149	
-1	
-1	
-1	
-1	
18783	
11474	
-1	
18783	
-1	
-1	
6130	
-1	
-1	
5214	
-1	
-1	
-1	
3588	
-1	
985	
2062	
-1	
890	889	
3117	
-1	
5214	
-1	
-1	
-1	
12990	12993	12989	142	
-1	
19103	
6881	
-1	
-1	
-1	
-1	
18156	
-1	
10680	
17416	
-1	
5372	
-1	
5372	
-1	
1239	
-1	
2728	
18676	
-1	
-1	
12980	
5225	
474	
13518	
10680	
-1	
-1	
-1	
12992	
10691	
1539	
-1	
-1	
-1	
-1	
17416	
-1	
-1	
-1	
5372	
13147	
-1	
14114	
-1	
-1	
12992	
-1	
-1	
-1	
285	
-1	
636	637	
-1	
-1	
662	
-1	
-1	
-1	
-1	
-1	
-1	
-1	
-1	
10837	
-1	
-1	
-1	
2062	
-1	
-1	
14114	
-1	
2730	10680	2728	
-1	
-1	
-1	
6545	
2062	
-1	
-1	
-1	
2062	
2728	
-1	
-1	
-1	
-1	
-1	
-1	
4943	
-1	
10567	11072	11031	
313	
12989	12990	12992	12991	
7575	
5214	
9817	
17416	
14113	
13147	13148	
7595	
18676	
5214	
-1	
13148	13147	
6130	
14121	
10577	
-1	
-1	
-1	
14114	
2728	
14494	
19508	9681	8754	4264	2728	13323	
-1	
-1	
-1	
-1	
-1	
449	
-1	
10691	
9246	10944	13645	7935	636	
13323	
13148	13147	
-1	
-1	
-1	
-1	
-1	
10691	
3949	
14114	
2062	
18381	
4772	
-1	
-1	
-1	
-1	
-1	
-1	
-1	
-1	
18676	
6846	
14114	
-1	
13148	13147	
13323	
-1	
-1	
-1	
-1	
16818	
10577	
314	
-1	
7575	
-1	
-1	
1603	
3967	
10691	
-1	
13148	13147	
8778	
-1	
-1	
7767	13323	
-1	
4802	
-1	
-1	
652	
2062	
-1	
-1	
-1	
-1	
10691	
-1	
17416	
-1	
-1	
17881	17882	
14114	
889	
17416	
5709	
-1	
9890	13147	
11797	
-1	
18156	
-1	
13518	
-1	
-1	
-1	
-1	
6131	
-1	
-1	
14121	
18676	
-1	
-1	
5214	
-1	
-1	
-1	
662	
-1	
9702	1748	
824	
-1	
12694	
2062	
17905	
-1	
13441	17905	17905	
13148	13147	12684	
-1	
-1	
-1	
5214	
-1	
-1	
-1	
16269	
-1	
-1	
10567	
-1	
-1	
13148	
17416	
-1	
13147	13148	599	
-1	
-1	
3117	
17416	
-1	
-1	
-1	
2728	
-1	
-1	
-1	
-1	
-1	
4957	
6494	
-1	
-1	
14732	18381	9136	
2062	
-1	
-1	
-1	
-1	
-1	
14732	
-1	
-1	
9703	
662	4943	4957	4802	599	5372	11359	1643	14143	7935	10481	
-1	
17416	
-1	
281	
-1	
14114	
10837	
17416	
2728	
-1	
13148	13147	
5214	
313	
-1	
13147	13148	
-1	
12176	
-1	
-1	
-1	
-1	
-1	
-1	
11796	
-1	
5214	
-1	
-1	
-1	
-1	
6607	6608	
10330	
-1	
-1	
12989	12992	
449	
-1	
-1	
-1	
-1	
11796	
6130	
2062	
-1	
-1	
13622	
17416	
7935	
-1	
13147	
-1	
2728	
2728	
-1	
5372	
18160	
2025	12195	
-1	
739	
13148	
-1	
13147	13148	12694	
-1	
6291	
14734	
5709	
2728	
13644	
-1	
-1	
-1	
6130	
-1	
-1	
-1	
-1	
13147	
-1	
-1	
-1	
662	
-1	
2062	2064	
13147	13148	9890	
-1	
2728	
13147	
9842	
-1	
4943	
474	
281	
2728	
-1	
-1	
-1	
-1	
2062	
2062	
-1	
-1	
2062	
13147	
12694	
-1	
-1	
-1	
-1	
-1	
-1	
5214	
10691	
18783	
14114	
890	889	3849	
-1	
-1	
6130	
14114	8514	
-1	
3849	
12990	
3963	
8055	
18783	
-1	
9681	
-1	
-1	
-1	
-1	
406	374	141	404	407	332	268	459	370	684	191	
-1	
-1	
2728	
14494	
14113	
14114	
17416	
6130	
-1	
18676	
-1	
-1	
14114	
8521	
14121	
-1	
-1	
-1	
-1	
-1	
8778	8779	
-1	
17416	
-1	
6545	
-1	
10680	10687	
7575	
17881	
-1	
4957	
7764	286	
-1	
-1	
-1	
2062	2064	
9842	
-1	
17416	
17416	
-1	
-1	
-1	
-1	
314	
16511	
-1	
-1	
7828	
-1	
-1	
-1	
-1	
-1	
-1	
13323	
-1	
-1	
-1	
-1	
-1	
-1	
-1	
-1	
-1	
-1	
12990	18381	
-1	
12988	
-1	
-1	
890	
449	
6545	
-1	
-1	
8513	8514	
-1	
-1	
-1	
13147	13148	
2062	
-1	
-1	
-1	
-1	
-1	
-1	
13441	
12856	1538	
-1	
-1	
17881	
-1	
2728	
-1	
-1	
5214	
-1	
-1	
6130	
11904	
-1	
-1	
-1	
4973	
5225	
-1	
-1	
10691	
-1	
-1	
-1	
-1	
13148	13147	
17881	
-1	
-1	
-1	
18381	
-1	
2270	
-1	
-1	
-1	
-1	
12656	13443	1212	
5372	
-1	
-1	
-1	
-1	
1804	
2062	
-1	
-1	
10330	
-1	
-1	
1539	
14494	
-1	
13518	
13323	
17416	
-1	
12176	
2062	2064	
-1	
11495	
-1	
2728	
268	
17416	
-1	
14114	
-1	
-1	
-1	
2062	
7471	7468	7471	7474	7575	7595	7468	7469	5807	
7764	
-1	
-1	
-1	
889	890	
-1	
17416	
3558	
-1	
-1	
-1	
-1	
-1	
9842	
17416	
-1	
18676	
-1	
14114	
17416	
-1	
-1	
-1	
-1	
13601	
14114	
-1	
-1	
-1	
14114	
5751	
-1	
449	
-1	
8513	8514	
-1	
2062	
3998	
1203	
658	
2154	
2728	
8778	
-1	
12989	12990	12991	12992	
16511	
12684	
-1	
-1	
-1	
-1	
-1	
18676	
-1	
2270	
12990	
-1	
-1	
18156	
-1	
-1	
7575	
-1	
2062	
16511	
14114	
889	
-1	
-1	
-1	
10691	
-1	
-1	
-1	
-1	
13148	13147	
6545	
6881	
-1	
18813	
9842	
10691	
-1	
2728	
-1	
-1	
-1	
3950	
6495	13148	
14113	
4783	
-1	
17881	
-1	
13147	13148	599	
2062	
-1	
-1	
2062	
-1	
-1	
-1	
-1	
-1	
-1	
268	
313	
14494	
313	
313	
16511	4783	14114	
-1	
-1	
-1	
-1	
-1	
890	
2728	
662	
9890	
2728	
-1	
17416	
-1	
-1	
-1	
-1	
-1	
2062	
-1	
-1	
-1	
-1	
13518	
-1	
889	
-1	
2728	2731	2726	2728	10680	
2062	
-1	
-1	
11653	
-1	
14121	
13148	13147	
17881	17882	
-1	
-1	
-1	
-1	
17416	18676	
-1	
18783	
18676	
-1	
449	
3963	
889	890	
1239	
3117	
-1	
-1	
2062	
-1	
-1	
-1	
11797	
10680	
-1	
314	
-1	
-1	
13148	
11797	11796	18811	18813	17416	6230	6258	6130	13812	
10687	
449	
17416	
5577	
-1	
13147	
-1	
-1	
-1	
890	
2062	2064	
-1	
-1	
14114	662	
-1	
-1	
-1	
3588	
-1	
-1	
-1	
-1	
2728	
18676	
3849	
-1	
-1	
6230	
-1	
314	
12993	12988	12992	13002	12986	
-1	
14113	
2728	
-1	
19103	
5214	
-1	
13148	13147	
-1	
17416	
-1	
-1	
-1	
-1	
-1	
-1	
-1	
13634	
-1	
17416	
-1	
13147	
-1	
2062	2064	
5751	
12989	12990	12991	12992	
-1	
-1	
13323	
1539	200	16818	1373	18811	1538	6846	6612	182	656	4953	
-1	
313	
2062	
-1	
-1	
370	191	459	374	12990	14113	12992	
2728	
-1	
-1	
-1	
-1	
-1	
-1	
-1	
18811	
2728	
2728	
14113	
12990	
-1	
17416	
-1	
-1	
5214	
14494	
2728	
-1	
2062	
-1	
-1	
13147	9890	
-1	
200	
2728	
2731	2726	2728	2728	
-1	
-1	
2062	
-1	
2062	
2728	
18676	
-1	
9246	
13148	13147	
4957	
-1	
18783	
-1	
-1	
17880	
2062	
-1	
10691	
6545	
10691	
13518	14732	14734	5204	
-1	
-1	
6230	
17880	
-1	
-1	
-1	
-1	
-1	
-1	
-1	
14114	
-1	
2062	
-1	
-1	
-1	
-1	
5372	
-1	
4783	
11474	
6131	
4943	
-1	
-1	
1239	
18580	
5214	
-1	
18367	1373	
12990	12980	
-1	
-1	
12990	
2728	
2728	
17416	
-1	
-1	
3117	313	
-1	
-1	
5225	
-1	
-1	
14114	
-1	
14114	
-1	
6131	
-1	
17416	
2062	
-1	
9842	
-1	
18783	
13089	2025	12195	4037	4034	19103	
17416	
313	
5214	
12694	
-1	
-1	
-1	
-1	
-1	
-1	
-1	
-1	
889	890	6846	656	
17416	6130	
2062	
4946	
-1	
-1	
-1	
-1	
-1	
-1	
268	
-1	
-1	
-1	
14494	
-1	
-1	
13172	
-1	
5214	
-1	
17416	
-1	
3117	
-1	
3968	
313	
6130	
5709	
10691	
9842	
5506	
-1	
-1	
-1	
-1	
-1	
-1	
-1	
-1	
14114	
-1	
-1	
-1	
-1	
662	
-1	
-1	
-1	
17416	
-1	
-1	
-1	
890	889	13089	
313	3117	
10691	9842	
-1	
-1	
13148	13147	
-1	
2728	
-1	
-1	
-1	
-1	
10680	
-1	
-1	
565	16511	
-1	
-1	
637	636	4966	14444	
-1	
-1	
-1	
-1	
13172	
-1	
14494	
-1	
2732	
6607	6608	
-1	
2728	
13148	13147	
13518	
-1	
282	
12694	
-1	
-1	
16831	
2731	
-1	
-1	
890	
313	
-1	
17416	
19103	
5214	
6130	
14113	14114	
10691	
2728	
10655	
12989	
-1	
-1	
-1	
599	
-1	
-1	
12980	
182	6846	1373	14113	565	4771	16511	1538	1539	200	14112	14114	14112	12176	14112	656	16511	16511	12176	4783	
5214	
-1	
13148	13147	9890	12694	
11474	
15496	
-1	
7935	
890	
-1	
11796	
314	
-1	
2728	
-1	
-1	
18676	
12990	12989	12991	12992	
-1	
-1	
10691	
14121	890	
3117	313	
5214	
-1	
-1	
5214	
1254	1342	
-1	
-1	
985	281	
-1	
-1	
14114	
14114	
-1	
-1	
2728	
890	
-1	
-1	
5214	
-1	
-1	
12988	
-1	
191	
2728	
17881	
-1	
14114	
-1	
2062	
5204	14732	
9136	18580	
-1	
-1	
662	
17416	
-1	
-1	
-1	
-1	
6130	
6545	
-1	
-1	
-1	
5372	
-1	
-1	
13601	
-1	
13095	
5214	
-1	
-1	
-1	
14114	
889	890	
-1	
-1	
-1	
-1	
2062	
-1	
-1	
-1	
-1	
-1	
7767	9248	
-1	
1239	
-1	
6846	
-1	
-1	
3849	
2728	
-1	
-1	
2728	
-1	
-1	
-1	
6230	
-1	
-1	
4034	4037	
-1	
10691	
-1	
-1	
-1	
-1	
3963	
5214	
7595	
-1	
-1	
-1	
-1	
-1	
13323	
-1	
-1	
-1	
662	
16883	
-1	
-1	
13147	13148	
4783	
313	
-1	
-1	
-1	
5214	
17416	
5372	
-1	
14121	9890	6292	
-1	
-1	
-1	
-1	
-1	
5372	
18156	
-1	
2728	
10680	2733	10689	
-1	
-1	
-1	
10687	
-1	
-1	
14494	
-1	
-1	
-1	
3117	
18381	
474	
-1	
12990	
-1	
-1	
-1	
2728	
18676	
-1	
-1	
-1	
11796	
18782	
-1	
2062	2064	
-1	
-1	
-1	
12990	
12990	
-1	
7575	
-1	
9890	
5214	
-1	
-1	
6494	
13148	
-1	
-1	
2062	
6791	
-1	
17881	
12694	
9817	
-1	
662	
-1	
5709	
-1	
-1	
5214	
662	
-1	
2728	
