4605
4606
4608
4607
1678
6594
4609
#N/A
1885
#N/A
3337
3338
3340
3341
3339
3330
3331
#N/A
1987
10706
3911
7281
6685
2642
1287
2019
2021
2022
2023
2024
2025
2027
#N/A
2028
2029
#N/A
#N/A
6940
2927
3135
7438
3157
3222
2
#N/A
228
87
88
#N/A
4792
#N/A
8263
3366
3367
3372
8411
8609
3364
3365
6050
1676
1677
11
12
13
16
#N/A
5982
7258
5058
4178
5984
139
147
3550
3551
5540
10095
10096
6045
17
19
11148
6888
23
7750
24
25
26
5763
7297
27
9947
#N/A
#N/A
33
1054
748
749
750
747
753
754
755
6946
34
741
742
744
745
#N/A
35
3816
37
5947
38
#N/A
4857
2793
#N/A
12931
#N/A
9420
1381
1382
1383
7165
#N/A
#N/A
#N/A
#N/A
44
45
46
2525
48
51
52
49
55
12009
54
290
60
#N/A
63
4203
93
92
95
97
4991
61
67
68
69
#N/A
70
71
72
73
74
9367
81
#N/A
82
84
5502
11829
85
10878
9986
8211
10427
98
99
100
185
187
2612
11290
12167
1620
12972
118
10222
121
9701
5363
5551
208
6175
1061
5056
728
4106
133
134
5943
140
5199
#N/A
143
#N/A
142
146
#N/A
5067
321
145
141
148
149
150
151
10350
10558
12498
11353
6070
7999
8028
10331
#N/A
168
12327
170
1282
172
8182
184
175
2761
8001
8241
179
120
6225
2908
2909
#N/A
5053
2499
2500
107
109
5237
5977
771
5235
#N/A
105
106
770
772
5261
773
6434
7250
5392
199
6209
7467
6154
8035
8417
8418
206
210
7853
8222
123
217
218
#N/A
11806
220
224
226
4993
3241
229
234
235
236
237
238
5740
242
11814
#N/A
#N/A
101
102
6328
#N/A
250
251
252
5369
5394
8123
5561
5212
5819
7202
7603
287
5885
269
6014
#N/A
#N/A
6005
273
274
275
3
4
281
9507
9238
7966
9408
4023
289
292
306
304
305
307
308
309
310
312
314
318
326
327
328
329
895
297
6918
10129
7085
5572
6314
299
302
#N/A
319
325
6270
330
331
6389
342
320
322
324
323
5627
343
345
4230
#N/A
#N/A
5822
56
57
10110
378
3959
7771
#N/A
7642
#N/A
6422
#N/A
10400
#N/A
11600
#N/A
5100
#N/A
#N/A
#N/A
1599
5099
5098
#N/A
#N/A
6798
357
7357
6813
359
5614
6254
364
6033
6700
366
#N/A
370
371
8608
376
386
#N/A
388
391
5085
8328
#N/A
7743
1622
1805
10399
397
399
406
211
212
9716
389
403
7979
407
270
411
413
414
415
416
420
419
#N/A
4907
1903
6201
434
433
435
#N/A
439
441
445
4717
446
449
448
5397
5231
8563
1018
1019
#N/A
#N/A
454
455
456
458
2683
460
463
464
3869
497
8557
489
491
492
493
494
5242
5241
5240
495
498
499
500
893
667
654
655
656
658
7388
9902
483
487
504
508
8589
509
6077
511
520
519
522
523
3346
11915
11140
11200
10078
6827
532
534
536
537
539
540
541
545
981
982
5108
984
986
989
546
547
548
10828
557
7359
556
877
878
896
560
562
5003
5002
4775
#N/A
6196
6195
#N/A
#N/A
#N/A
#N/A
1846
566
3843
3844
3847
3849
3850
3851
3852
3854
3855
6184
6511
9498
5234
569
570
5365
11364
375
572
573
574
5366
576
577
578
1692
799
13276
800
801
802
803
804
805
6488
599
#N/A
600
582
583
584
8089
601
6413
603
8569
#N/A
605
606
7348
586
613
614
617
587
588
623
625
626
591
629
5196
592
630
631
594
633
634
636
637
595
607
638
608
596
598
5218
647
5095
12647
653
4863
644
646
4862
641
6229
671
673
674
675
676
679
680
681
684
685
687
689
5131
4507
#N/A
10182
873
710
1082
1864
2054
5187
9182
970
4513
5291
733
2011
9846
9161
#N/A
6134
#N/A
#N/A
735
736
7827
7536
7946
11989
11571
8450
10446
#N/A
9593
5057
6864
10419
4985
5541
5569
#N/A
9503
#N/A
9187
12416
#N/A
8383
9759
5472
11287
5621
762
925
768
722
6179
774
5680
#N/A
795
796
7299
#N/A
#N/A
2986
#N/A
#N/A
6425
#N/A
#N/A
#N/A
5325
#N/A
5324
880
5323
881
797
5642
6598
#N/A
#N/A
798
#N/A
9597
3080
11228
811
813
810
6965
2887
2888
2889
9729
8002
5480
820
822
#N/A
823
4231
4963
7575
824
825
826
827
#N/A
828
829
831
832
833
834
835
8110
466
836
837
838
468
470
471
472
842
843
844
474
9981
846
848
4517
713
#N/A
851
10767
3282
793
853
8588
11091
8152
6099
6711
870
871
872
5987
860
11215
5509
861
864
867
868
5385
1017
1020
1021
999
1000
#N/A
#N/A
#N/A
#N/A
1024
1002
#N/A
1004
1006
1007
1005
1009
1010
#N/A
1011
11862
#N/A
#N/A
10199
#N/A
1012
1013
#N/A
1014
4982
2445
9899
1025
#N/A
#N/A
1016
8629
8545
6539
6639
6640
10559
886
887
#N/A
11945
888
890
894
6282
902
900
907
906
8763
8373
9784
912
914
915
#N/A
929
928
930
933
947
5018
938
948
960
961
962
9485
966
967
971
972
975
976
974
12932
4774
4931
4930
4929
4928
4927
5815
992
862
863
865
1610
1756
3858
3856
3306
2595
2125
2127
1696
4726
6411
2163
3857
6337
997
995
996
#N/A
10579
8651
998
955
7283
1027
1029
1030
1031
1038
1039
1041
6562
1129
8251
1130
8511
163
1049
1543
1544
1857
1051
7242
2956
12480
12423
7910
10128
1053
1056
6320
8262
11160
6417
4527
8273
1058
1059
1060
1064
8728
6758
5534
1068
6807
5857
7334
5007
11890
8194
10365
8156
11496
1171
1083
1084
#N/A
1032
1033
4980
4979
1034
12369
5383
1035
4978
1088
8252
1991
1990
1992
4748
1090
1089
10596
#N/A
1637
1638
8134
#N/A
3563
3870
4057
1075
4926
10362
1071
1096
10833
953
8559
8668
6929
7785
#N/A
1102
1103
7895
#N/A
8743
9630
#N/A
1113
1887
#N/A
6026
1997
2013
1996
2397
2398
2399
5983
1134
1135
8037
1132
1888
1138
#N/A
6857
1044
11144
7584
1890
1891
5168
5172
8660
7374
6432
9887
3265
3266
8644
9513
3267
3261
3262
7870
7881
3655
1145
7338
1148
1150
9541
1149
1892
1893
1155
1156
1157
1158
1164
#N/A
1168
1169
64
4758
1176
11698
12291
6759
1177
1178
1179
1180
1181
1182
#N/A
1184
1185
1186
1187
1188
7539
#N/A
9212
1127
10457
5065
1116
7578
7776
3407
5554
13102
1191
1192
1193
1194
1195
1288
3946
3945
6424
1832
1833
1202
1240
8347
6553
1205
10664
7370
5725
9319
10705
1209
1212
1213
4902
#N/A
1222
1223
1224
1226
1227
1228
1229
1235
1230
8745
11658
1236
6568
8094
8093
10534
5227
5225
5228
5226
5069
5072
5073
5074
5076
5077
9186
9078
1265
1267
5831
1268
4247
4246
8854
9975
10338
1270
12202
9318
1279
1281
1280
9912
3095
3096
3097
#N/A
#N/A
618
619
5649
621
620
12975
1286
1292
1245
1293
1294
1295
1296
1297
1298
1299
1300
1301
8023
1306
1305
1309
11380
1311
1312
1313
1314
1315
1318
767
6573
1316
1332
1765
7389
4102
4365
2441
7832
1325
8072
9504
#N/A
5730
1328
7157
1336
1337
8452
5381
6817
9972
7138
7231
8712
9553
11845
6963
6821
3249
3250
1347
1348
1349
1350
1351
#N/A
1369
1370
1401
5149
3122
3123
3124
3125
1366
1368
1362
1363
1364
1365
1384
7875
1372
1375
1373
11055
#N/A
10715
5137
#N/A
3505
1385
9006
5838
1393
1326
5262
7156
7644
12840
7664
7663
7662
7638
9128
7655
1402
1406
1404
1405
8199
1408
1410
1414
1419
1421
1422
1425
1434
1436
5175
5171
5919
1426
7671
7676
7740
4786
1428
1429
1430
1431
#N/A
1432
1433
1437
1439
1438
1440
1442
1446
1423
1424
1441
1483
10824
12525
1471
1472
1473
6084
1474
1477
1476
9526
#N/A
#N/A
#N/A
1479
#N/A
1489
4783
1490
1488
1920
1465
#N/A
1415
1492
1493
5962
7229
#N/A
1502
1498
6263
#N/A
#N/A
1505
1443
#N/A
#N/A
1509
1510
#N/A
#N/A
1511
1512
#N/A
1516
12511
#N/A
4865
1517
4756
4727
4867
4868
4869
4870
8375
7681
#N/A
5598
1519
1520
5636
1687
1063
2721
6552
1524
1525
5638
10
1549
12015
1552
1551
5166
#N/A
#N/A
1553
#N/A
6762
6761
#N/A
#N/A
#N/A
1554
7086
#N/A
8670
1558
567
1507
#N/A
1656
1657
1658
9959
6423
1663
8580
1664
8658
1659
1660
1661
1662
#N/A
7680
1665
1528
1529
1531
1532
#N/A
6818
1533
1534
1535
1539
6825
1541
1542
1573
1576
1583
#N/A
1744
1625
174
1795
1800
1801
117
4822
13046
261
262
1764
4949
8121
7511
10538
10510
8901
1594
5906
7593
6995
#N/A
5186
5556
#N/A
1600
1605
1603
1606
6240
1609
7912
5810
1566
5960
12032
1568
717
1628
1629
1639
1831
1632
5482
1807
#N/A
1633
4767
1634
1575
1635
7804
9213
10475
11728
10435
3921
3922
1641
8025
#N/A
8344
1643
1644
6418
5677
1645
10204
1646
1647
1649
1650
1651
#N/A
1653
1654
#N/A
3599
8736
7819
4920
5949
12038
10375
1669
1670
#N/A
1667
1668
5609
5640
1679
1680
5118
#N/A
11241
12081
#N/A
1685
1686
5965
1683
1141
8291
1717
1718
#N/A
1719
#N/A
#N/A
1720
1814
1815
5524
1721
5512
1726
1727
1729
1731
1733
1734
1735
1710
1711
12030
1746
1747
1748
1750
1751
1753
1754
6025
6104
11777
2005
2002
1759
1624
1623
1767
1766
1762
1763
1627
1768
1769
1770
1771
#N/A
1772
1773
1774
1775
#N/A
5550
11857
1776
3953
3954
3956
#N/A
5183
5666
1796
1797
#N/A
1802
1813
1803
1810
1811
#N/A
#N/A
4876
#N/A
11651
9192
1824
1825
12687
1826
4883
13112
4850
#N/A
5518
#N/A
8664
#N/A
5281
1838
1839
1840
1175
1830
1834
1850
6522
1855
9009
137
136
135
1905
4528
885
8407
1847
5244
5737
1985
13011
1862
1863
635
1868
1869
#N/A
5376
1872
10122
7666
1874
1875
#N/A
1911
#N/A
1910
1906
1909
1913
1914
1915
1923
1924
1933
1973
9985
#N/A
1969
1982
6776
9954
5696
#N/A
5913
5912
1999
#N/A
2010
1998
2000
2001
2003
2006
7878
1835
#N/A
#N/A
5994
1881
1882
1578
#N/A
5093
#N/A
#N/A
1303
2130
2131
2133
2136
2137
2139
2140
7401
9204
5163
9941
11800
2167
2168
2032
2083
453
2035
2037
7166
7997
2041
2042
2043
2045
2048
2049
2050
2046
2047
2051
11526
4708
2052
2053
1241
1242
5229
5707
5782
1246
#N/A
1249
1250
5079
1251
2211
2060
4974
#N/A
2062
2065
2066
2070
2071
2074
8980
1607
2078
2077
2099
12259
2101
2851
2852
2853
758
2129
2132
2134
2135
2138
2141
7814
2145
5165
2146
8039
2107
2104
2105
4724
8113
8114
9943
8115
8480
12246
6618
10198
#N/A
2110
2111
2109
11474
2114
932
2113
2116
2115
2118
2117
2120
2121
2119
2123
2122
2124
2128
2126
1255
2150
2316
2153
2154
9112
11594
2151
2152
6081
2068
2069
2072
2073
2160
2161
2162
10933
6741
2166
#N/A
9506
2164
2174
2224
2225
12661
10172
3049
7761
3299
5890
5178
6480
11979
2179
2181
6754
2183
2185
2187
2189
6200
2190
4942
5681
9721
4970
6833
2193
2195
2194
2196
2197
2198
2180
2199
4971
2200
2201
2202
2203
2204
2205
2206
2208
2210
2212
2213
2214
2215
10937
2220
2222
2223
2227
2228
119
2230
2231
2232
2233
9920
10926
7307
2236
2237
2235
#N/A
131
132
8129
7675
#N/A
3373
3374
3375
3376
3368
3369
#N/A
564
1581
9487
7263
942
943
944
8628
945
946
514
515
516
517
513
2276
2277
#N/A
#N/A
2249
5939
#N/A
#N/A
2279
2281
2282
760
764
766
765
9740
1513
5812
3391
3392
1804
2288
#N/A
2707
11185
4344
#N/A
2301
11077
6398
11438
9438
2302
2303
230
2304
5498
2309
5010
2310
3151
3152
3153
3378
3379
3380
3381
3383
3382
3387
3389
3196
3194
3750
7862
3751
3752
4191
#N/A
5260
2411
2409
2355
12786
2356
2357
2359
2360
2361
2362
2363
2365
6168
2366
9426
4711
7248
7754
4121
2369
2421
2371
2372
12663
8426
2376
#N/A
11572
2379
#N/A
8271
2382
2381
628
2384
5894
3426
1631
10047
6624
2405
2396
2395
2402
2403
2406
5515
4968
2428
3253
3254
#N/A
2407
#N/A
#N/A
3009
2442
2412
2413
2418
153
157
154
1207
5388
7324
#N/A
2377
5033
5034
5421
9850
2432
2433
2437
2436
9157
2392
2393
7839
9890
7840
7378
6717
8543
10090
808
2450
156
#N/A
7369
1523
3877
3876
3878
6237
6800
2463
#N/A
2607
4703
5391
2559
6453
2560
2561
2562
5317
4220
859
#N/A
6546
6775
9646
2496
2494
1778
4813
13026
5591
5846
12719
6536
5797
2550
2549
5442
4730
3430
6454
2634
7879
2517
5250
2521
#N/A
12000
6053
5106
8380
2526
2527
2528
9557
10051
5117
11210
5116
1702
2533
2534
2535
2536
2537
2538
2539
4887
2472
6255
2544
2545
2548
3144
3145
8217
2554
2556
2694
2511
2512
2570
2577
2578
2580
2581
6823
9000
2586
2587
#N/A
6795
#N/A
#N/A
2592
2594
5635
9221
2598
3393
#N/A
3396
3397
3400
3398
3804
3401
926
11656
2603
7747
8009
2734
2627
2617
2618
2619
2620
2622
2632
#N/A
7855
2663
4720
10667
#N/A
3402
#N/A
3885
3404
3406
#N/A
6075
648
649
650
2643
6074
10121
2467
2079
5287
2653
2654
809
5102
10259
2657
2658
1779
2678
#N/A
6484
551
6356
2684
1706
5141
5233
5344
5345
11072
9103
2693
2691
2692
2701
10677
2704
2708
2717
2731
2732
5119
2725
2726
2728
2730
2735
6213
11354
11534
2738
2754
10728
#N/A
12069
7271
9057
10266
2760
9218
8268
12380
6867
11709
6034
12132
9080
1094
2772
2773
2774
2775
6911
#N/A
2776
2778
4919
6479
1861
5665
5542
12712
2832
2877
4888
#N/A
8021
#N/A
2878
#N/A
4966
#N/A
#N/A
2783
2784
2785
2786
2788
2789
2791
2792
11954
9442
2794
2795
2796
2797
2798
2799
2800
2801
2802
2803
8726
2804
2806
2807
2808
2810
2811
2812
12950
2809
2814
7179
2817
12656
9096
2830
2616
5538
2934
349
9424
2831
6501
2835
2844
2837
2838
2840
2841
7031
2823
2849
2850
2822
5310
2858
2859
2860
7434
2861
9340
#N/A
2865
10543
12978
9257
5488
7217
#N/A
4204
4200
4205
11360
11361
2306
2307
2870
2871
2872
6875
9774
8667
8550
9914
#N/A
3834
2875
11801
11802
8191
1739
1741
1742
1738
#N/A
#N/A
6166
9558
#N/A
7300
6208
10069
2881
7322
8005
5430
10256
9191
8499
2884
2885
2886
2890
2892
2893
2894
7751
#N/A
2900
1694
1695
2902
8000
10060
6533
9269
#N/A
2913
2914
2915
2891
4911
5641
1916
1500
3983
2916
2919
2921
5622
6435
8917
5180
#N/A
#N/A
4578
8133
2926
9195
4024
#N/A
#N/A
#N/A
3982
2928
6863
2938
7356
2932
2933
9639
5926
5678
7149
7288
7064
4770
1277
10907
6723
8596
5437
5061
10316
12936
6461
11995
8602
7364
10580
5720
2943
6276
9450
7965
9428
#N/A
#N/A
7688
#N/A
#N/A
#N/A
#N/A
#N/A
#N/A
#N/A
#N/A
#N/A
#N/A
#N/A
#N/A
2947
2948
2949
2950
#N/A
2955
1048
373
374
2959
#N/A
1101
3089
3088
3090
4782
7287
#N/A
2960
4943
2962
2984
2969
2970
2972
2971
3682
#N/A
#N/A
#N/A
#N/A
#N/A
4889
#N/A
#N/A
#N/A
#N/A
#N/A
#N/A
#N/A
#N/A
#N/A
#N/A
#N/A
#N/A
#N/A
#N/A
2975
2976
7342
2977
7341
6584
5393
1065
2985
9178
9225
1852
1853
1036
4981
#N/A
8925
2993
3335
7886
2998
2999
#N/A
3000
#N/A
5900
3173
3174
#N/A
9167
4396
4961
#N/A
8020
3556
4399
3182
3011
3200
3202
#N/A
8106
3203
3201
7670
#N/A
#N/A
7730
5132
76
3012
4751
7379
3156
3015
3016
#N/A
3017
3018
3019
6155
9559
9652
10632
#N/A
9083
6554
5315
5314
1358
1359
1360
5282
8137
11175
11170
#N/A
6802
3026
90
5967
91
9320
7986
#N/A
#N/A
3032
4723
3554
#N/A
3041
3043
3044
8490
3050
3051
3054
3355
3065
5568
3557
7976
10744
3492
5955
3067
8145
3083
#N/A
3070
3071
3072
3075
5064
3077
#N/A
#N/A
3078
#N/A
#N/A
3081
5041
3082
3084
3085
10717
3002
1758
5659
3091
3098
2177
5012
3493
3494
3495
#N/A
6215
9395
3106
5207
5206
3421
2645
10045
4410
3111
3112
3113
3114
5528
3549
3108
9271
3553
4962
3555
3109
3110
3496
#N/A
11191
3133
13122
10636
2015
10656
3086
3087
3500
3501
3138
3139
3140
12743
9115
5583
12768
1052
8591
11254
3154
1688
3066
7947
3498
8096
3188
#N/A
4890
4891
7225
#N/A
5001
3168
5582
3170
8839
3171
5581
11606
7319
8300
5333
11628
8501
11990
#N/A
3178
3185
3256
7398
3191
5448
12157
3175
3176
3177
3179
3180
3199
2238
5505
#N/A
6330
7118
3210
3211
6331
#N/A
11243
9540
8283
3215
#N/A
3217
3218
3115
3223
3224
3219
3228
3229
5269
10734
#N/A
6549
12971
9607
3232
3236
3238
9208
3239
7376
3240
6047
6272
430
#N/A
3244
3245
3246
3251
6404
5332
#N/A
2898
9033
11386
7110
8387
6353
3283
8386
10203
11653
3318
3328
3329
3342
3344
3345
39
42
3300
3301
3302
158
161
159
10487
3312
6247
6012
6260
8521
3227
3314
3315
4952
3317
3348
3322
10458
3323
6001
7371
11308
9005
6684
3013
5653
6018
9791
3360
6535
3143
3362
12417
3390
3025
3410
1697
3411
3416
3417
3129
3130
12918
12965
3419
5791
8382
5006
7868
7604
5360
#N/A
6361
5361
3641
3422
3468
3470
3471
3469
3472
3451
3452
3453
3454
3455
12154
3456
3467
#N/A
3457
3458
3460
3461
3462
3463
3464
3466
3483
3484
3485
6086
3474
3475
3476
3477
5844
3480
3486
3487
6072
7091
5584
3441
3442
11848
3489
3491
5055
12462
#N/A
#N/A
5618
3503
3504
#N/A
3512
11260
3516
3517
3535
3528
3531
3533
3534
3537
3539
3540
#N/A
#N/A
6846
3305
1557
#N/A
6366
103
298
11879
104
3546
3547
7521
10823
3545
3548
5158
5157
3039
3558
3559
3560
503
1092
978
9496
4524
4525
#N/A
#N/A
7772
7989
5620
12175
3589
3592
#N/A
#N/A
8556
3568
3571
3572
3579
4735
2563
3580
3581
3582
3585
3588
3593
4917
3642
4946
3594
3595
3596
3603
3597
3598
6129
6128
6130
3604
3605
3611
3612
3616
3617
6742
2322
6837
5135
5424
3575
3627
3628
9287
9933
9012
10074
6564
10048
5929
5667
3620
5357
6058
7080
3586
3587
#N/A
8224
#N/A
#N/A
3640
3648
3431
10261
10260
3650
3649
3651
7558
3653
12938
#N/A
3633
#N/A
3654
3713
3714
3715
8032
3656
3657
3658
3659
3660
10689
6854
5747
3661
11537
10105
3668
3669
5044
3618
3619
3673
5147
5861
#N/A
3681
260
10456
253
8059
264
#N/A
12660
10901
5121
5136
6633
3766
8104
3767
3683
2819
3719
#N/A
5302
3720
3722
3723
#N/A
3725
8233
#N/A
3726
#N/A
3727
#N/A
#N/A
3730
3731
#N/A
7478
3734
3733
3735
#N/A
3717
#N/A
#N/A
#N/A
#N/A
3718
3737
3738
#N/A
7930
8888
3696
7961
7846
6068
#N/A
12648
6316
10433
#N/A
#N/A
4119
4120
#N/A
3703
#N/A
5573
#N/A
8088
7485
11049
10131
3274
3279
3280
5615
8203
3271
3272
3275
3277
8561
6695
9294
6382
422
9305
6380
#N/A
6381
12463
3716
#N/A
1725
5723
6222
6655
6924
3741
3742
6680
8864
6332
6485
9755
6832
3763
3764
6895
#N/A
#N/A
#N/A
3753
#N/A
#N/A
#N/A
3757
3758
#N/A
3744
3745
3746
3747
3748
#N/A
#N/A
4040
4037
4042
4039
4041
5031
#N/A
4045
#N/A
9962
11877
3774
3775
3778
3779
3780
3985
7690
#N/A
1206
1208
5096
8611
4000
1153
#N/A
11756
#N/A
12974
6613
6611
8078
5078
4104
8026
5979
5978
6466
7214
126
1640
3439
9521
#N/A
#N/A
11663
6278
6487
6233
5679
5851
6876
#N/A
3961
6580
7275
3967
2583
3829
3830
3832
2991
#N/A
615
616
3836
3861
3862
5709
3863
3865
#N/A
3875
3871
423
4353
6765
10871
6198
6297
#N/A
5743
3880
10086
#N/A
#N/A
9775
10634
4948
9957
7640
3488
#N/A
7828
10922
5759
5849
7941
10779
12997
#N/A
6149
4814
6574
7256
6609
7255
6125
10880
3887
3888
#N/A
3889
3901
3902
3903
3904
3905
3906
12292
5216
10797
#N/A
2462
11825
5304
7530
5959
3913
3914
3915
8076
3918
7422
8601
13054
3920
2169
2170
9546
12133
#N/A
3928
3929
#N/A
#N/A
7773
10856
8082
#N/A
#N/A
3925
#N/A
8650
3927
#N/A
3930
#N/A
10657
10113
7520
9176
7292
3941
3942
3978
3980
6273
3944
3957
4005
5767
6342
2473
2474
2475
2476
2478
2479
2480
4839
7787
5358
#N/A
4043
4044
6988
7213
5862
4021
4022
4129
9657
10161
4027
4009
8
5675
6785
5138
4028
5484
6622
4038
5334
6431
6927
4026
3999
#N/A
#N/A
4051
4914
5062
5185
5289
5697
4052
1601
4059
4060
8327
4071
3166
3815
3160
3161
#N/A
12641
#N/A
4110
6144
6143
11331
5214
9529
#N/A
4082
9549
5993
12376
4090
#N/A
4025
6334
5601
6119
6120
10855
124
5215
4107
6351
4103
4109
9756
4111
#N/A
#N/A
4113
4114
4117
6118
10005
4741
8671
11379
8902
4130
4131
4133
4134
4124
4125
4127
4126
4169
4151
4173
4171
4145
4146
6377
6135
6445
6444
4772
6121
4141
4142
4143
4144
4147
9091
6589
4158
7797
4154
4155
2367
11563
6730
276
2221
12536
5083
5082
8605
4161
11666
4162
4163
6098
4905
5579
5159
5160
#N/A
8541
6550
2097
3924
12822
4494
#N/A
#N/A
4172
4184
5873
5872
8226
11238
9
1040
1307
7523
1392
5980
1556
2033
2241
8455
7224
2509
11597
4817
2767
5210
3562
3614
3805
4229
10688
4034
4537
11147
4568
6189
5011
8190
1781
1783
1784
1785
1786
#N/A
#N/A
#N/A
#N/A
#N/A
4242
#N/A
6256
4216
4217
4218
4219
12091
4207
4208
10956
4210
7775
4212
6387
4213
8679
4214
12001
8507
4223
5951
9771
5486
8376
4224
4225
2506
4722
6199
4454
10784
4455
#N/A
7968
5771
10488
4238
5603
12988
4239
12224
4254
4267
6555
#N/A
1136
4281
2031
4389
4544
#N/A
1782
1787
1788
1789
3647
10877
4255
4290
4298
4303
4305
1361
4308
4310
4311
4313
4315
4319
11655
4330
30
21
29
#N/A
5931
9675
11123
5009
10393
10659
1357
10386
4444
4332
4306
4336
4284
11712
4845
4345
4352
10920
4354
4355
4356
6180
8337
8357
8643
9074
6419
4378
5126
5025
#N/A
5124
5920
5277
#N/A
4374
2443
2444
4463
232
610
5127
4382
4375
4385
5151
8369
5134
2862
384
4380
7826
5105
9971
2449
4464
622
231
609
2144
6038
8690
6249
4395
3207
4404
#N/A
#N/A
7741
4405
4406
4408
4409
2644
4329
789
4412
4226
5156
5154
5152
2967
7280
11772
8010
3897
5104
4416
4417
4419
7268
4322
1133
8654
4422
2593
4667
6935
5470
8815
9491
9189
3427
3429
4437
10776
10775
10945
4435
4436
4438
4323
4324
4325
4326
451
4449
#N/A
4465
6548
10813
4321
5331
4371
4468
4472
#N/A
4473
1055
4469
4474
6819
#N/A
4077
4482
#N/A
4484
4485
4486
4487
11841
4490
5434
652
4478
5298
5299
4489
4477
4481
6651
12122
4488
4491
7867
4493
6137
5342
8057
8056
9539
#N/A
4497
10903
8904
4501
4526
8759
#N/A
#N/A
#N/A
#N/A
#N/A
#N/A
10527
#N/A
4510
#N/A
4511
4512
4504
4508
4509
5220
4900
5736
#N/A
11436
12567
5047
12082
4518
3209
4521
1698
10821
3208
9394
6004
11034
8212
9368
10660
350
351
352
5350
#N/A
4187
5483
5081
5080
10851
9685
5416
341
4538
332
333
334
336
12644
8395
337
5459
5626
#N/A
8503
335
338
4540
6248
4542
4545
4546
4548
4550
1448
1475
2286
1478
4553
4543
4557
4558
3995
#N/A
5213
12075
10490
8963
12331
340
7310
6163
8116
11116
8259
8173
6799
7811
5607
8465
4566
4567
5255
6494
5268
4569
8562
10742
4576
11109
6751
#N/A
#N/A
4587
8396
4580
4588
4581
11391
4582
8663
4583
10785
4584
4585
4586
#N/A
#N/A
#N/A
#N/A
6645
6646
3860
4591
3859
4189
1693
4592
213
4594
4595
1319
9747
6780
4599
4600
4601
1522
8684
6834
5904
#N/A
#N/A
4603
6402
5312
4610
10786
4665
4669
5777
5504
4617
6475
7492
4343
5533
4705