1707	
7784	
-1	
2728	
5248	5247	125	
3998	
-1	
5998	
5797	
2728	
2062	
5131	
2180	
8199	
7595	
-1	
-1	
-1	
6130	
449	
8378	
420	421	422	9079	9084	
-1	
765	
-1	
-1	
-1	
765	
2728	
5180	
-1	
-1	
6478	
497	498	
313	
7784	
4141	5796	
2728	
8208	
-1	
-1	
5214	
498	
5797	
5801	
2156	
420	422	421	
-1	
-1	
-1	
3117	
2728	
-1	
2728	
-1	
430	431	127	120	5247	125	5248	5249	5250	420	421	122	429	
6506	
498	
4939	
-1	
9136	
8208	
-1	
2062	
2728	
-1	
-1	
211	5801	
-1	
6980	6961	6962	6963	6964	6965	6968	6969	6970	
-1	
420	421	422	9079	9084	
231	
-1	
-1	
-1	
6260	
-1	
-1	
281	
-1	
-1	
739	
-1	
6671	
-1	
-1	
2728	
-1	
-1	
-1	
2728	
8472	
6279	
-1	
4957	
824	
1141	
338	
-1	
-1	
6130	
1095	
8358	
338	8039	
5372	
338	339	340	341	342	2011	2020	2012	1992	420	421	422	
8039	420	429	125	136	
7589	
-1	
-1	
2728	
7935	
5214	
5796	5797	
3111	
-1	
5372	
-1	
-1	
-1	
-1	
-1	
4943	
-1	
2062	
2728	
-1	
8981	
7010	
6130	
6130	
4250	
8778	8779	
2728	
-1	
2728	
122	121	429	126	
-1	
7901	
9842	
1373	9637	
-1	
5247	5251	5248	420	429	125	
-1	
765	
2270	
127	
498	497	499	
1992	1993	2010	172	
12	
9842	
632	7577	
-1	
-1	
7515	6961	6962	6963	6964	6965	318	7508	
-1	
-1	
429	125	127	
9204	
-1	
-1	
420	421	422	9079	9084	
-1	
8472	
-1	
7582	
313	3117	
5801	
-1	
231	
6826	
173	
-1	
2062	
-1	
9204	
5506	
5372	
5796	5796	
2728	
5214	
1035	
-1	
1320	2062	2064	
-1	
-1	
-1	
2011	
2728	
-1	
-1	
4957	
-1	
2062	
3111	
2062	
5372	
5372	
173	172	
9817	
5249	5250	5248	5251	5247	120	
7010	
-1	
6916	
8966	
2156	
-1	
889	890	429	430	431	
-1	
7784	
2173	
318	
-1	
6980	6961	6962	6963	6964	6965	6968	6969	6970	
122	121	124	120	
-1	
7535	
5205	
2062	2064	2070	2058	
8039	
-1	
3117	
268	
1239	
399	
-1	
2062	
-1	
-1	
2981	9210	9123	8063	9136	9166	9204	399	9248	5658	923	8081	6882	6291	8592	8196	7577	7935	9238	7574	4953	4772	
9104	1342	1254	6961	6945	9047	
313	
5372	
-1	
879	
-1	
6970	6980	6961	6962	6963	6965	6968	6969	
474	2172	
4771	8113	
6993	
-1	
765	
-1	
-1	
5796	
5998	
765	
4957	
-1	
2731	2726	2728	2728	
772	8023	
662	662	
-1	
7823	
5248	5247	125	5249	
-1	
765	
889	
5658	
9758	154	
7935	
2062	
2180	
7763	
2119	
-1	
5694	
-1	
314	
498	497	
-1	
4957	
6130	
3963	
9047	
5780	
313	
-1	
7823	
-1	
314	
9842	
-1	
4129	2728	
662	
-1	
5796	
-1	
9842	
-1	
-1	
-1	
-1	
2177	
-1	
8778	
765	
5797	
338	339	340	
-1	
3117	
2062	
-1	
-1	
-1	
9890	
2728	
9842	
7935	
-1	
128	
6260	
1463	
-1	
8063	
-1	
5796	
765	
-1	
7010	
-1	
6613	
3111	
4787	
-1	
7508	
2728	
2728	
5797	5796	
-1	
-1	
2728	
-1	
340	342	339	341	338	125	127	5248	5247	5250	420	421	422	
2156	
-1	
-1	
2728	
6130	
-1	
2015	2016	2017	2062	2064	2070	2058	890	889	
5204	
-1	
890	
-1	
8063	5658	
2187	
-1	
890	
7574	
316	
128	133	120	121	
-1	
739	
3111	
-1	
2728	
-1	
-1	
6881	
5248	5247	
-1	
9079	9084	9047	9104	
2156	
9204	
-1	
-1	
7595	
-1	
7508	7515	
-1	
-1	
3111	
7595	
-1	
-1	
-1	
2728	
-1	
316	
-1	
2062	2064	2070	2058	1239	9047	
-1	
6130	
6671	
2062	
2728	
6130	
2728	
824	
662	
-1	
-1	
-1	
5998	
-1	
7823	
-1	
2728	
-1	
1022	7237	1088	
-1	
-1	
5372	
5329	
9166	7901	
765	
-1	
6131	
-1	
2011	2019	9079	1992	9086	9084	
-1	
-1	
2728	
-1	
4972	1864	
-1	
-1	
399	
-1	
5372	
5214	
7280	
-1	
-1	
2180	
2285	
2062	
-1	
2728	
-1	
5372	
-1	
-1	
-1	
-1	
313	3117	
6791	268	5698	9681	9248	269	
2728	
9890	4615	3981	4622	3967	2172	7960	2288	4619	7753	3968	
3708	3707	
-1	
2728	
-1	
2062	
314	313	7165	
6961	7507	9053	1254	1342	
-1	
7588	
-1	
376	
-1	
-1	
420	429	
-1	
-1	
2062	
-1	
5214	
-1	
-1	
2836	
1463	
9681	
2173	
2728	
8023	
8208	
-1	
1992	5801	
7010	
4990	
5796	
3962	
125	126	127	7595	
9079	340	
-1	
2187	
-1	
5248	5247	5251	5249	5250	5167	
-1	
7508	
-1	
-1	
-1	
2180	
-1	
7276	
-1	
5214	
-1	
-1	
-1	
8023	
9758	7591	7595	7581	
6671	
5797	
-1	
5796	5797	
7583	
-1	
-1	
-1	
-1	
-1	
2017	
3029	
-1	
498	497	
3798	
2728	
-1	
-1	
2062	
662	
-1	
6961	7507	1254	9053	1342	
-1	
-1	
-1	
-1	
2728	
1463	
-1	
7227	4783	
3111	
7960	1643	
-1	
-1	
890	1547	
6325	
8815	
-1	
-1	
-1	
313	
-1	
-1	
2062	
-1	
2728	
-1	
6881	1446	6881	6881	
8040	
7182	
1095	4409	1036	4413	1218	
338	
2728	
-1	
3111	
313	3117	
658	
2182	2180	
-1	
-1	
-1	
2178	3588	
5372	
321	338	339	340	
2011	1992	2020	2016	1993	2012	2018	
-1	
-1	
2728	
340	338	339	341	342	
4408	1505	
125	
9758	
4619	
5658	
5506	5731	
6826	
-1	
-1	
9842	
9702	1748	
7165	2716	
497	498	499	
662	
313	
-1	
-1	
2177	
8472	
4943	
632	7577	
7200	6970	
-1	
5214	
420	421	497	498	429	430	422	
2173	
6072	
-1	
-1	
765	
-1	
340	
-1	
7935	
2728	
-1	
5506	
9370	9369	
-1	
2728	
7010	
-1	
-1	
-1	
-1	
-1	
-1	
2180	
1643	
363	662	5039	7575	7763	2752	3985	7013	7960	7961	3949	9702	4946	9701	9703	5430	7764	1566	112	4945	7935	474	4947	8283	8282	8281	4943	4944	6825	4948	602	4973	8514	601	599	4957	105	8513	5424	477	658	600	646	636	6813	654	639	648	637	647	652	1643	4953	1614	286	5372	4954	479	4950	195	1841	650	7395	4959	
8421	8815	2540	631	
-1	
-1	
-1	
2062	
340	341	
-1	
-1	
6545	
2270	
566	
7010	
122	121	
-1	
4369	4263	7960	7061	4624	6478	2062	
-1	
-1	
-1	
2728	
420	429	
-1	
7581	9758	
-1	
-1	
9369	
2009	2016	1993	1239	9105	
497	498	120	
3117	
2728	
5248	5247	125	120	420	421	
-1	
-1	
-1	
888	
429	430	431	120	5247	3981	3971	3982	125	5248	420	421	5250	122	5249	127	
268	6545	2115	8574	
-1	
2728	
4585	
5709	
-1	
-1	
3849	
420	429	498	497	
-1	
-1	
5506	
-1	
430	125	120	420	421	5248	5247	
-1	
2728	
-1	
-1	
-1	
9702	9703	
431	5251	5247	121	127	136	5248	126	5249	125	430	122	5250	429	120	
2728	
765	
-1	
5797	
-1	
-1	
2156	
5709	
7935	8729	7778	
2062	
313	
498	
4864	
3111	
4957	
1035	
6961	6962	6963	6965	
-1	
2728	
1748	
1463	
5214	
127	321	340	
-1	
-1	
-1	
-1	
-1	
765	
-1	
7780	
2728	
3029	
9079	
-1	
7508	
-1	
2728	
-1	
-1	
9047	6961	7507	9053	1254	1342	
7623	
2062	
5998	
7227	2527	
-1	
2044	
314	
-1	
5214	
-1	
5248	125	127	135	9079	420	421	422	
449	
231	
7165	
-1	
-1	
-1	
1421	9136	1423	
-1	
888	
4957	
2181	
-1	
-1	
2532	772	739	772	
-1	
420	
-1	
-1	
-1	
-1	
-1	
-1	
7838	
-1	
-1	
-1	
-1	
658	5167	
3117	
9204	
-1	
399	1324	
-1	
8358	
-1	
739	
-1	
-1	
6230	
2062	
739	
-1	
2106	
6961	7514	2062	2064	
6130	
-1	
-1	
9204	
2187	
-1	
1707	
-1	
-1	
-1	
1463	
3117	
340	338	339	
-1	
-1	
-1	
4957	
765	
316	339	
1643	
-1	
449	
2728	
429	
5214	
2728	
566	
5372	
-1	
6607	6608	
9017	
-1	
-1	
-1	
-1	
-1	
8480	6478	
6291	
6495	
-1	
420	421	
9637	565	6846	9562	656	655	
-1	
-1	
8022	
338	
-1	
6961	
6545	
128	
9204	
4943	765	
4957	
-1	
-1	
6980	6961	6962	6963	6965	6968	6969	6970	
-1	
2728	
4787	
6961	
-1	
6260	
7575	
-1	
5372	
8378	890	
-1	
5248	5247	125	120	420	421	
3950	
-1	
2728	
2728	
2011	1992	2020	2012	2018	1993	2016	
6230	
1603	
-1	
9210	8573	
-1	
-1	
-1	
869	7834	869	6130	
7753	
2062	
2062	
179	1193	1206	
-1	
9681	
5780	
662	
2728	
-1	
-1	
5797	
5214	
8022	
314	
4619	
2187	
7010	
2062	
6969	6970	
338	339	340	341	342	
-1	
-1	
5225	
-1	
4783	
5214	
-1	
3091	
8023	
8514	
5796	
-1	
7960	
-1	
338	
-1	
3111	
-1	
-1	
8431	
6607	
2728	
7823	
2119	4758	
3952	
985	
-1	
-1	
8377	
-1	
1748	
2062	
-1	
1463	
7061	
631	1781	4689	8592	4624	
1463	
7575	
3849	
429	430	431	
8574	
6969	6970	
5452	5453	
6970	6980	6961	6962	6963	6965	6968	6969	
7857	
662	
-1	
449	
-1	
6844	6845	
-1	
-1	
-1	
-1	
314	
-1	
-1	
-1	
2180	
-1	
-1	
7589	7575	
1463	
172	173	
-1	
-1	
-1	
2732	
5247	429	421	
-1	
-1	
2173	
198	
-1	
1035	
339	338	
313	
-1	
-1	
5796	
-1	
120	5248	
-1	
5797	
-1	
-1	
7823	
-1	
8208	
-1	
1423	
-1	
313	
7508	
399	
7010	
231	
-1	
8063	
2731	2726	2728	7577	
3111	
-1	
-1	
-1	
-1	
599	
-1	
497	498	120	121	
2180	
705	
-1	
6844	6961	
7581	
6961	6968	
2728	
1841	
-1	
2728	
-1	
8208	
-1	
-1	
307	1538	1539	
-1	
-1	
-1	
-1	
8063	5658	
-1	
2062	
6483	
449	
5506	
3111	
-1	
7767	
429	
5122	5123	
-1	
-1	
-1	
-1	
-1	
2173	
-1	
6671	
6613	
-1	
-1	
6545	
5205	
6846	7785	307	
-1	
5214	
-1	
8729	
-1	
-1	
2011	1992	2020	2012	2018	
-1	
9842	
2974	
9352	9890	9351	4925	
3798	1643	5225	
-1	
1463	
195	
631	7577	
9681	
8055	
-1	
5247	125	420	429	6961	
-1	
2180	
2728	
-1	
-1	
6260	
5755	
5247	5248	126	338	339	
-1	
-1	
2177	
9681	
-1	
2728	
3950	
-1	
658	
2728	
2015	
-1	
2728	
-1	
889	890	
-1	
5248	
5780	
-1	
890	
-1	
3117	
5796	5797	
-1	
-1	
2010	
6130	
-1	
3117	
6131	
497	498	
-1	
-1	
313	
-1	
8988	1539	
316	339	128	
-1	
9681	
2011	1992	2020	2012	2018	
7010	
2728	
-1	
127	121	429	430	431	5248	5249	5250	5247	5251	120	122	126	125	
-1	
6671	
2728	
3111	
-1	
7577	
420	429	430	421	422	431	
7588	
6844	6846	
3849	
-1	
3998	
5659	
-1	
5329	
105	5796	5797	
-1	
1239	
-1	
-1	
-1	
498	
-1	
9079	497	2016	1993	
-1	
3111	
-1	
-1	
5797	
2270	
5131	
-1	
2270	
-1	
-1	
2180	
2728	
125	338	339	340	341	342	
-1	
2728	
-1	
4624	
340	338	339	
3111	
-1	
316	339	340	3117	
7508	
9248	4250	4819	268	
6824	
2175	
2062	
1838	
-1	
420	429	5247	497	
2728	
313	
-1	
-1	
-1	
314	309	
5248	125	
-1	
5372	
127	128	135	136	8041	420	421	429	430	5248	431	338	339	340	341	342	2093	125	5247	5249	5250	120	121	122	123	
-1	
420	429	431	430	498	
6722	
7577	
338	340	
-1	
7780	
7508	
-1	
-1	
5796	
-1	
-1	
-1	
-1	
2733	2728	2731	2735	2726	2732	5506	2728	2730	2734	
6607	6608	6671	
399	
889	126	125	127	313	5247	5248	338	
-1	
-1	
2156	
2728	
-1	
7753	
-1	
-1	
-1	
662	
8513	141	5659	
-1	
-1	
2062	
-1	
4596	
200	3591	1212	5405	198	1218	1193	410	3592	198	3592	409	1206	1218	408	
-1	
-1	
662	
-1	
4619	
6826	
2182	
-1	
-1	
-1	
601	
-1	
2974	
-1	
449	
2062	
2728	
4957	
-1	
-1	
313	
2173	
-1	
313	3117	
9681	
2062	
-1	
340	341	342	125	120	420	422	338	339	
2180	
-1	
-1	
-1	
-1	
1463	
-1	
5248	5249	9079	
7577	
9890	8421	
-1	
-1	
-1	
-1	
313	
2710	
-1	
449	
332	3534	
2187	
231	232	230	211	2981	
-1	
-1	
662	
765	
2011	2012	2014	2018	2015	2016	2017	5248	
122	121	124	
-1	
-1	
-1	
-1	
2728	
2728	
-1	
6131	
-1	
6230	
-1	
-1	
-1	
498	497	499	
4758	
6671	
-1	
2062	
-1	
-1	
3950	
313	
-1	
601	
-1	
7577	8562	8521	8522	7509	
313	
338	339	340	
765	
-1	
2062	
431	5251	5247	121	127	420	421	422	5248	5249	5250	120	126	125	122	430	429	
5214	
890	
503	
566	567	
-1	
2154	
-1	
3963	
-1	
7010	
2566	
-1	
285	
-1	
2285	
-1	
5248	120	125	338	
-1	
-1	
-1	
6962	6964	6965	6963	
-1	
2173	
313	125	
5214	
-1	
6970	6980	6961	6962	6963	6965	6968	6969	
316	128	313	
5131	
5796	
313	
632	7577	
-1	
2728	
-1	
-1	
-1	
3117	
5796	2090	
341	338	339	340	
1463	
313	
-1	
338	
7975	
-1	
2062	
2728	
7575	
-1	
7508	
-1	
1463	
2062	
-1	
1463	
5797	6292	5796	
2062	
5796	
-1	
1463	
477	
7960	
-1	
566	
-1	
6545	
7823	
3950	
8981	
-1	
-1	
765	
-1	
5796	
-1	
-1	
313	
7515	7507	6961	6962	6963	6964	6965	318	7508	
-1	
6265	
7960	
5577	
-1	
8484	5434	
-1	
739	
420	421	
-1	
7753	
-1	
2015	
944	
-1	
765	
-1	
6961	6962	6963	6965	
-1	
-1	
-1	
-1	
-1	
9497	
6230	
8199	
765	
7595	
8063	
-1	
-1	
7960	
135	125	
-1	
5998	
3111	
-1	
5434	
338	339	341	340	
-1	
5214	
-1	
-1	
6980	6961	6962	6963	6964	6965	6968	6970	6969	
2062	
9369	
-1	
1463	
407	6545	
-1	
8981	
3111	
-1	
5248	5247	429	420	338	6961	
8023	
601	
2062	
5751	
-1	
-1	
-1	
7753	
-1	
125	121	127	5251	5247	420	421	422	136	5248	5249	122	429	120	431	430	126	5250	
172	
5248	338	339	340	341	342	420	125	
2173	
-1	
449	
-1	
420	
-1	
2180	
2173	
6545	
-1	
-1	
-1	
-1	
2731	2726	2728	2728	
338	339	340	341	342	
-1	
420	338	
-1	
2011	1992	2020	2012	2018	2016	1993	
6130	
-1	
-1	
-1	
9842	
3111	
-1	
7276	739	8199	9715	8196	8356	3117	969	7478	4399	9706	2628	6409	7370	8356	8485	2175	8377	6520	7834	826	2818	2643	5214	869	539	7172	1837	5215	8479	1595	5801	434	8431	3117	
-1	
-1	
6671	
-1	
1632	731	
268	9248	
2062	
1239	
7013	
-1	
-1	
1407	
-1	
1463	
5248	5250	5249	125	
-1	
890	
-1	
5247	
497	
-1	
-1	
2728	
-1	
-1	
-1	
-1	
5205	
-1	
-1	
2728	
-1	
-1	
-1	
-1	
2180	
-1	
5709	
5372	
2011	1992	2020	2012	2018	2010	
-1	
7591	
9681	
-1	
339	
9204	
-1	
-1	
-1	
-1	
739	
-1	
-1	
2728	
4615	
739	
5998	
2062	
122	121	124	120	123	126	136	
-1	
2728	
7508	
-1	
6130	
-1	
1446	313	4959	1095	9851	3117	3588	7595	4957	
-1	
4783	
-1	
-1	
6608	6607	
-1	
2062	
-1	
-1	
7508	
7010	
-1	
2062	2064	
5372	
313	
5214	
1446	
-1	
-1	
-1	
9017	
-1	
765	
-1	
-1	
3117	
-1	
-1	
7010	
7784	7783	
6846	565	9370	9369	
889	890	
-1	
136	5247	5251	5249	5250	420	421	429	430	125	431	338	339	340	341	342	5248	120	121	122	123	127	128	135	
6545	
-1	
7227	
4684	
268	
5709	
5214	
-1	
313	
313	3117	
739	
5372	
8988	
-1	
2062	2064	
-1	
2728	
2728	
2180	
-1	
3111	
1239	2062	2064	
-1	
889	286	7575	5225	282	582	5039	890	6989	285	
9104	
9086	9079	
-1	
6130	
-1	
-1	
9123	
890	889	
313	3117	
128	321	
-1	
-1	
1547	
6072	
-1	
-1	
-1	
9079	
2062	
2728	
497	498	
662	
-1	
890	
498	497	
-1	
6747	
-1	
5225	
7935	8990	2025	
6607	6608	
-1	
5801	
7515	6961	6962	6963	6964	6965	318	7508	
8472	
599	600	
2062	
-1	
421	342	420	422	5248	125	127	5247	5250	341	339	340	338	
449	
6230	
125	126	127	
765	
420	421	422	
1538	
2062	
497	498	499	120	121	
5796	
122	121	125	5248	420	421	422	429	430	
-1	
8729	
338	339	
-1	
6478	7871	8055	
9329	1324	
9758	
-1	
399	
-1	
-1	
7010	
-1	
429	420	
-1	
420	
7273	4758	2288	3849	
7784	
2187	
-1	
5796	
7280	
-1	
1707	6576	9248	
449	
-1	
-1	
-1	
-1	
-1	
659	
6813	
-1	
-1	
2270	
4929	4927	1268	9351	
-1	
8063	5658	
-1	
2728	
3111	
2009	3834	
8729	
-1	
6961	1254	7507	9053	1342	
399	
662	
9123	9122	9124	
8573	8679	
420	421	
2154	
-1	
7975	
8063	
2728	
5204	4772	
-1	
7753	
1643	
314	
2062	1239	9047	
-1	
5797	
339	340	341	342	420	421	422	429	430	431	5248	5247	5251	5249	5250	125	127	338	
231	
-1	
-1	
6980	6961	6962	6963	6964	6965	6968	6969	6970	
2106	
1804	508	
-1	
8063	
-1	
2062	
-1	
-1	
-1	
9842	
9123	
7508	
7515	6961	6962	6963	6964	6965	318	7508	
5796	
2728	
-1	
-1	
5796	
2175	
6130	6258	
420	
-1	
-1	
-1	
128	
-1	
5797	
5796	
6607	6608	
-1	
313	
6230	
313	
-1	
-1	
739	
498	
890	
6506	
-1	
-1	
341	342	125	420	422	338	339	340	
2728	
6072	4953	
2728	
-1	
-1	
-1	
-1	
1035	
-1	
6980	6961	7199	7200	
5214	
631	7577	
6292	
2728	
-1	
-1	
-1	
6494	
503	504	505	
-1	
1701	281	280	
7010	
9889	
8513	8514	
662	
9248	6576	4250	
7595	
9842	
4957	
6130	
-1	
-1	
9079	
316	339	340	
765	
8284	
-1	
-1	
340	
-1	
3707	3708	
-1	
6671	
6072	
-1	
6483	8055	
3967	
7591	7581	7595	
-1	
-1	
7947	
6495	6494	
5214	
-1	
-1	
-1	
-1	
128	316	
6826	
6607	6608	6671	
-1	
9890	
9842	
1748	
8514	
-1	
8063	
-1	
503	
566	
125	127	120	420	429	
-1	
7595	7588	7588	
5796	765	7280	2527	
-1	
2728	
4972	4953	
-1	
-1	
-1	
-1	
-1	
7508	
-1	
6506	
-1	
4250	
6980	6961	6962	6963	6964	6965	6968	6969	6970	
-1	
6130	
6671	
7577	
5796	
-1	
6131	
9890	8421	
-1	
126	127	
5796	
-1	
6612	
2728	
-1	
6130	
-1	
-1	
9681	
6882	7577	8377	8196	9681	5698	8592	7574	4684	399	2981	9210	
-1	
3111	
-1	
6131	
-1	
2728	
739	
2175	
-1	
-1	
5720	
-1	
-1	
6826	
-1	
1463	
-1	
6130	
7515	6260	6961	6962	6963	6964	6965	318	7508	
8199	
5214	
-1	
9758	
-1	
3588	
-1	
985	8023	
2062	
7508	
890	889	
3117	
338	
5214	
6980	6961	6962	6963	6964	6965	6968	6969	6970	
5796	
-1	
172	173	142	
338	
-1	
6881	
-1	
-1	
-1	
-1	
-1	
497	
-1	
-1	
2973	
5372	
8063	
5372	
-1	
1239	
7010	877	
2728	
-1	
6693	
316	
-1	
5225	
474	
-1	
-1	
-1	
7515	6961	6962	6963	6964	6965	318	7508	
-1	
-1	
-1	
1539	
-1	
5797	
7784	
7515	6961	6962	6963	6964	6965	318	7508	
-1	
-1	
-1	
340	341	338	339	342	
5372	
-1	
5796	
-1	
765	5796	7010	
-1	
-1	
-1	
8039	
503	
285	
-1	
636	637	
5797	
429	
662	
-1	
-1	
126	429	5247	122	121	2093	5249	5250	5248	431	430	127	5251	120	125	
376	5780	
6265	
-1	
1463	
-1	
-1	
120	
-1	
5251	5247	430	431	429	
2062	
-1	
338	
-1	
7010	877	
2730	2728	
9204	
-1	
341	338	342	339	340	
6545	
2062	
-1	
3111	
-1	
2062	
2728	
399	
125	5248	
-1	
2156	
1035	
-1	
4943	
7010	
-1	
313	
-1	
7575	
5214	
9817	
-1	
-1	
-1	
7595	
-1	
5214	
-1	
-1	
6130	
-1	
-1	
-1	
6961	
-1	
-1	
2728	
-1	
9361	9681	8754	9497	7577	4264	2728	
-1	
-1	
-1	
-1	
7753	
449	
4787	
-1	
9246	7935	636	
-1	
-1	
-1	
5954	
-1	
8208	
-1	
-1	
5796	3949	
-1	
2062	
-1	
4772	
5248	5247	5250	
-1	
-1	
6478	
9369	
-1	
-1	
-1	
-1	
6846	
-1	
-1	
-1	
-1	
-1	
-1	
659	
-1	
-1	
-1	
314	
125	127	429	430	431	5249	5248	5250	120	122	126	5247	5251	121	
7575	
-1	
-1	
1603	
7973	3967	
-1	
-1	
-1	
8778	
5248	5249	
-1	
7767	
1141	
4802	
-1	
9079	
2288	652	
2062	
7183	
-1	
-1	
-1	
-1	
5658	
-1	
-1	
5796	
-1	
-1	
889	
-1	
5709	
-1	
9890	
8957	
705	
-1	
5797	
-1	
5796	765	
-1	
-1	
-1	
6131	
5248	5249	
-1	
-1	
-1	
-1	
9562	
5214	
-1	
1463	
-1	
662	
-1	
9702	1748	
824	
-1	
-1	
2062	
-1	
-1	
-1	
3486	
-1	
6980	6961	6962	6963	6964	6965	6968	6969	6970	
7975	7273	
5214	
-1	
-1	
-1	
731	
340	338	339	
7515	6961	6962	6963	6964	6965	318	7508	
7233	7233	7233	7233	7233	6593	1841	7013	7013	7227	
399	
-1	
5578	
-1	
-1	
599	
8472	
5796	
420	429	498	3117	
-1	
4787	
5248	5247	
-1	
2728	
-1	
5455	
-1	
2156	
2160	
4957	
6494	
5508	
185	
9136	
2062	
340	339	338	
-1	
2180	
9497	
2011	2012	2014	2018	2019	2020	2021	2022	
-1	
-1	
399	
9703	
662	600	4943	4957	4802	8284	599	6824	5372	1841	601	1643	7935	4948	4864	
4787	
-1	
6968	
281	
-1	
-1	
-1	
-1	
2728	
5248	5249	136	125	
-1	
5214	
313	
-1	
-1	
5796	
-1	
-1	
-1	
-1	
-1	
-1	
-1	
-1	
7010	
5214	
-1	
8472	
7508	
7508	
6607	6608	
-1	
2106	
128	
-1	
449	
1700	503	
-1	
9497	
-1	
-1	
6130	
2062	
497	498	
-1	
-1	
-1	
7935	
420	422	421	
-1	
-1	
2728	
2728	
5796	5797	
5372	
-1	
2025	
-1	
739	
-1	
5998	6072	6826	
9758	
-1	
6291	
8445	
5709	
2728	
-1	
-1	
-1	
269	
6130	
-1	
-1	
8039	
-1	
-1	
338	
497	498	
-1	
662	
-1	
2062	2064	990	
9890	
-1	
2728	
-1	
9842	
-1	
4943	601	
6961	7199	474	
281	
2728	
-1	
5796	
1218	4809	1218	4808	
-1	
2062	
2062	
-1	
-1	
2062	
-1	
-1	
-1	
5248	5247	125	120	
-1	
-1	
-1	
-1	
5214	
-1	
-1	
-1	
890	889	3849	
5796	
-1	
6130	
8514	
-1	
3849	
-1	
3963	
6483	6478	8055	7871	
-1	
2173	
9681	
-1	
-1	
-1	
765	
1009	406	374	141	1204	232	631	1013	923	269	404	407	230	1206	2721	503	231	1218	530	1014	715	332	268	459	243	211	370	684	191	
498	497	
-1	
2728	
-1	
-1	
-1	
-1	
6130	
-1	
-1	
2530	
5797	
-1	
8521	
-1	
5658	
765	
497	498	
-1	
498	
8778	8779	
7515	
-1	
2156	
6545	
-1	
-1	
7575	
-1	
4585	
4957	
7764	286	
5248	420	
-1	
-1	
2062	2064	
9842	
-1	
-1	
-1	
-1	
-1	
-1	
7237	
314	
2288	
8023	
-1	
5801	7828	5780	6265	3895	
-1	
6970	6980	6961	6962	6963	6965	6968	6969	
-1	
-1	
5755	
1463	
-1	
-1	
9079	
1035	
5796	
125	127	338	339	340	
-1	
1035	
2187	
-1	
-1	
1035	4624	
2173	
-1	
-1	
125	
890	
449	
6545	
9356	
5797	5796	
8513	8514	
-1	
9369	
8063	
-1	
2062	
5248	
-1	
399	
2752	7572	7573	198	3029	2288	7574	
6826	
600	
-1	
1538	
3834	
7823	
-1	
-1	
2728	
-1	
321	
5214	
-1	
4153	
6130	
422	429	338	339	340	341	342	9106	9053	125	120	420	
-1	
497	
-1	
4973	
5225	195	
7587	
429	
-1	
9079	497	498	
-1	
-1	
-1	
-1	
-1	
7901	
-1	
5131	
-1	
-1	
2270	
316	339	
9017	
2011	1992	2020	2012	2018	9053	2016	
-1	
4972	1679	1864	1212	4998	
5372	
1463	
-1	
1463	
2175	
1804	
2062	
5801	
420	421	
-1	
-1	
-1	
1539	
-1	
-1	
-1	
-1	
-1	
5796	5797	
1035	4410	4413	4409	1036	
2062	2064	
-1	
5801	
5507	
2728	
268	
-1	
7577	
-1	
-1	
-1	
4787	
2062	
7203	7471	7183	7468	7471	7474	7594	7204	9758	7575	7574	7588	7587	7583	7590	7584	7591	7595	7593	7468	7469	7596	7581	7582	5807	7589	
7764	
-1	
8199	
-1	
420	429	889	890	
-1	
-1	
869	3895	3558	
4864	
5248	2093	420	
5248	338	133	
170	
-1	
9842	
-1	
6970	6980	6961	6962	6963	6965	6968	6969	
-1	
8729	
-1	
-1	
3111	
-1	
-1	
-1	
-1	
-1	
-1	
5248	5247	125	127	
399	
-1	
5751	
-1	
449	
-1	
8513	8514	
2177	
2062	
3998	
339	340	341	342	125	498	497	1203	420	338	
658	
2154	
2728	
8778	
-1	
-1	
-1	
-1	
429	430	431	
7515	6961	6962	6963	6964	6965	318	7508	
6970	
-1	
231	
-1	
-1	
2270	
172	173	
6202	
566	8815	
-1	
154	
-1	
7575	
-1	
2062	
-1	
-1	
889	
497	498	
7823	
-1	
-1	
5796	
2173	
-1	
-1	
-1	
6545	
6881	
-1	
-1	
9842	
-1	
-1	
2728	
340	338	339	341	342	
2530	
9204	
3950	
6495	
-1	
4783	
5797	
-1	
429	420	
599	
2062	
-1	
-1	
2062	
6813	
5248	
7581	
2015	
2177	
6970	6980	6961	6962	6963	6965	6968	6969	
268	
313	
-1	
420	313	
313	
8988	4783	
340	338	339	
2169	
-1	
7010	765	
5796	
890	
2728	
662	
9890	
2728	
-1	
-1	
338	341	342	339	340	
420	429	
7227	
316	
-1	
2062	
4787	
-1	
-1	
5248	5247	125	120	420	421	
-1	
9497	
889	
128	
2728	2731	2726	2728	
2062	
1035	
-1	
-1	
-1	
-1	
-1	
-1	
6980	6961	6962	6963	6964	6965	6968	6969	6970	
2177	
-1	
-1	
-1	
5755	
-1	
-1	
-1	
449	
3963	
889	890	
1239	
3117	
6970	6980	6961	6962	6963	6965	6968	6969	
498	
2062	
2173	
-1	
498	
-1	
-1	
-1	
314	
9370	
-1	
-1	
6230	6258	6130	
-1	
449	
-1	
5577	
-1	
-1	
-1	
6813	
-1	
890	
2062	2064	
9204	
3834	
8196	6826	662	
2187	
5248	
429	430	431	
7838	3588	
-1	
-1	
5796	
2187	
2728	
-1	
3849	
7975	
121	122	
6230	
-1	
314	309	
-1	
3111	
-1	
2728	
5801	
-1	
5214	
8990	
601	765	
2173	
-1	
-1	
-1	
4624	8592	
-1	
5797	
2021	2022	2015	2016	2011	2012	2014	2017	2018	2019	2020	
4185	
-1	
-1	
-1	
-1	
-1	
566	
9047	2062	2064	
5751	
-1	
-1	
2009	
-1	
1539	7512	6924	7208	200	1206	7182	7535	198	1373	655	5403	5404	5405	7573	5406	4954	7538	7635	1538	6846	6612	726	198	7517	8991	182	656	7124	7123	7518	195	7209	5132	7511	4953	7514	7507	7541	7572	6613	4770	4769	7508	7509	7510	7515	7542	7516	5407	
6961	
313	
2062	
-1	
7010	877	
370	191	186	459	374	5998	4141	185	7901	
2728	
1992	2011	2019	2020	2018	
2180	
5797	5796	
7753	
3707	
8472	
5796	
-1	
2728	
2728	
-1	
172	173	
-1	
-1	
-1	
338	339	340	341	342	420	
5214	
-1	
2728	
4580	
1035	2062	4404	
-1	
9716	
9890	
-1	
200	
2728	
2731	2726	2728	7577	2728	
-1	
-1	
2062	
-1	
2062	
2728	
-1	
7010	
9246	
-1	
4957	
-1	
-1	
7591	
-1	
-1	
2062	
498	
-1	
6545	
-1	
5204	
8208	
8039	8040	8041	
6230	
-1	
-1	
6478	
7777	7778	7779	7782	7784	
4619	
7960	
7591	
-1	
-1	
133	126	127	125	
2062	
7515	6961	6962	6963	6964	6965	318	7508	
125	127	120	421	429	420	
2981	
123	127	128	135	136	420	421	429	430	5248	431	338	339	340	341	342	125	5247	5251	5249	5250	120	121	122	
5372	
5801	
4783	4758	
-1	
6131	
4943	
8039	
136	5247	5251	5249	5250	420	421	422	429	125	430	431	338	339	340	341	342	5248	120	121	122	123	127	128	135	
1239	
-1	
5214	
-1	
1373	
-1	
231	
-1	
-1	
2728	
2728	
-1	
7588	7589	
-1	
3117	313	
-1	
-1	
5225	
1463	
6961	6962	6963	6965	
-1	
338	340	339	
-1	
-1	
6131	
7515	
-1	
2062	
2181	6905	
9842	
-1	
-1	
5801	2025	4037	4034	
-1	
313	
5214	
-1	
659	
316	339	340	
-1	
-1	
3029	
-1	
9	
9204	
889	890	888	6846	655	656	4770	
6130	
2062	
4946	
765	
8718	8735	
765	
338	316	
765	
-1	
268	
-1	
421	
-1	
-1	
7010	
8990	
420	421	422	429	430	431	497	498	499	
-1	
5214	
7857	
-1	
6483	6478	6485	
3117	
-1	
3968	4619	
313	
6130	
5709	
-1	
9842	
5506	
498	
765	
5796	
-1	
-1	
-1	
7515	6961	6962	6963	6964	6965	318	7508	
7010	
-1	
7577	
7515	6961	6962	6963	6964	6965	318	7508	
-1	
4801	
662	
-1	
1463	
-1	
-1	
5796	5797	
7539	7535	7536	7537	
6980	6961	6962	6963	6964	6965	6968	6969	6970	
890	889	
313	3117	
9842	
7890	
497	420	498	766	4562	9079	
-1	
1446	8692	
2728	
-1	
122	121	124	120	
-1	
-1	
-1	
765	
659	
7233	7233	7233	7226	7233	7230	565	8997	7012	7202	7227	7822	7200	7199	7273	7233	7821	1459	7574	
7280	
5452	5453	
637	636	4966	9940	
5801	
-1	
-1	
2180	
420	421	422	429	430	431	497	498	499	
420	
-1	
-1	
2732	
6607	6608	
127	429	430	431	120	121	122	5248	5249	125	
2728	
6279	376	375	6459	
-1	
1446	
282	
-1	
8039	
5247	5251	5248	5249	5250	
4409	4413	4410	
2731	
765	
-1	
890	
313	
-1	
-1	
-1	
5214	
6130	
2981	9361	
-1	
2728	
-1	
173	172	
5998	
5796	5780	5797	
-1	
5452	599	
-1	
-1	
-1	
182	6846	1373	8988	565	4771	8997	7012	655	7822	4769	3029	1538	1539	200	4812	2288	7233	198	4769	7233	7227	7233	7233	9562	7822	4770	4812	4812	8991	7227	4769	7233	7821	656	4770	198	4783	
5214	
-1	
9890	9106	9107	
-1	
-1	
421	
7935	
890	
-1	
-1	
314	
8063	
2728	
2177	
3490	
-1	
172	173	
7276	
318	324	316	
-1	
890	
324	3117	313	316	318	
5214	
497	498	
7508	
2973	5214	
6961	7507	9053	1254	1342	
5796	
-1	
985	281	
420	
5797	
-1	
-1	
-1	
497	498	
2728	
890	
6980	6961	6962	6963	6964	6965	6968	6969	6970	
1707	
5214	
7508	
7838	
-1	
-1	
191	
2728	
-1	
1547	
-1	
-1	
2062	
5204	
9136	
-1	
3111	
662	
-1	
231	
2178	
-1	
-1	
6130	
6545	
4801	
498	497	
-1	
5372	
-1	
7857	
-1	
-1	
-1	
5214	
765	
-1	
125	128	429	127	
-1	
125	889	890	
6961	6962	6963	6964	6965	
7010	
632	7577	
6961	
2062	
7515	6961	6962	6963	6964	6965	318	7508	
-1	
-1	
765	
-1	
7767	9248	
-1	
1239	
9105	9069	
6846	
6980	6961	6962	6963	6965	6968	6970	
-1	
3849	
2728	
2187	
1386	
2728	
497	498	420	
497	498	499	
1841	
6230	
-1	
4684	
4034	4037	
7753	
-1	
-1	
7010	
6980	6961	6962	6963	6964	6965	6968	6969	6970	
-1	
3963	
5214	
7595	7581	
1463	
-1	
5796	
7577	
231	
-1	
-1	
6961	6962	6963	
316	
662	
-1	
601	
7508	
-1	
4783	
316	313	
420	421	422	
-1	
-1	
5214	
-1	
5372	
5248	5247	420	421	125	9079	
9890	6292	
-1	
566	
-1	
7010	
-1	
5372	
-1	
-1	
2728	
2733	9361	
2015	2016	2017	
-1	
338	
-1	
6672	
6980	6961	6962	6963	6964	6965	6968	6969	6970	
-1	
7515	6961	6962	6963	6964	6965	318	7508	
-1	
-1	
3117	
-1	
474	
5780	
-1	
-1	
-1	
2015	2010	2009	9079	2011	2012	2014	2018	2019	2020	2021	2022	2017	
2728	
-1	
-1	
497	
1421	4860	7890	
-1	
-1	
7577	
2062	2064	
-1	
338	339	
-1	
-1	
-1	
-1	
7575	
-1	
9890	
5214	
125	5248	7508	7509	
-1	
6494	
-1	
-1	
7494	
2062	
6791	
5796	
-1	
-1	
9817	6325	
7515	6961	6962	6963	6964	6965	318	7508	
662	
497	498	420	421	
5709	
7010	
7010	
5214	
662	
231	
2728	
