-1	
-1	
-1	
-1	
121	
3528	
-1	
-1	
-1	
-1	
-1	
4527	
2050	
7438	
6867	
-1	
-1	
-1	
-1	
-1	
-1	
407	8263	8268	
-1	
-1	
-1	
-1	
-1	
-1	
-1	
4576	
-1	
-1	
-1	
483	
-1	
-1	
3648	
-1	
-1	
-1	
-1	
4610	
-1	
-1	
-1	
-1	
407	
-1	
-1	
-1	
2817	
-1	
-1	
-1	
-1	
123	121	407	118	416	
-1	
-1	
-1	
-1	
-1	
-1	
-1	
-1	
-1	
-1	
-1	
206	
-1	
6260	6263	
-1	
407	8263	8268	
226	
-1	
-1	
-1	
-1	
-1	
-1	
274	
12001	
-1	
-1	
-1	
-1	
-1	
-1	
-1	
-1	
-1	
-1	
-1	
-1	
-1	
-1	
-1	
797	
1103	
325	
12975	
-1	
-1	
1059	
-1	
325	7281	
-1	
325	326	327	328	329	1892	1864	407	
7281	407	416	121	132	
-1	
12975	
-1	
-1	
-1	
4610	
-1	
2811	
-1	
-1	
-1	
12975	
-1	
-1	
-1	
-1	
-1	
-1	
-1	
-1	
-1	
-1	
-1	
-1	
3734	
7997	
-1	
-1	
-1	
118	117	416	
-1	
7156	
-1	
-1	
12975	
407	416	121	
-1	
-1	
2115	
123	
483	
1864	1882	168	
12	
-1	
-1	
-1	
-1	
6260	6263	305	
-1	
-1	
416	121	123	
8383	
-1	
-1	
407	8263	8268	
-1	
-1	
-1	
6854	
2817	
-1	
-1	
226	
-1	
-1	
-1	
-1	
-1	
8383	
4888	
-1	
12975	
-1	
4610	
999	
-1	
1281	
12001	
-1	
-1	
-1	
-1	
-1	
-1	
-1	
-1	
-1	
2811	
-1	
-1	
13026	
168	
-1	
-1	
-1	
-1	
-1	
-1	
-1	
-1	
416	
-1	
-1	
2043	
305	
-1	
6260	6263	
118	117	120	
-1	
-1	
4601	
-1	
7281	
-1	
2817	
-1	
-1	
386	
-1	
-1	
12511	
-1	
8347	8383	386	8426	7322	5615	6846	4356	
6260	10689	
-1	
-1	
-1	
-1	
-1	
6260	
460	2042	
-1	
12511	
-1	
-1	
-1	
9986	9985	
-1	
-1	
-1	
-1	
-1	
2521	
745	
641	641	
-1	
7085	
121	
-1	
-1	
-1	
-1	
150	
-1	
-1	
2050	
-1	
1990	
-1	
5072	
12975	
-1	
483	
-1	
-1	
-1	
3493	
-1	
-1	
-1	
-1	
7085	
-1	
-1	
-1	
-1	
12975	
641	
-1	
-1	
-1	
-1	
-1	
-1	
-1	
13026	
2047	
-1	
-1	
-1	
-1	
325	326	327	
-1	
2817	
-1	
-1	
-1	
-1	
-1	
-1	
-1	
-1	
-1	
124	
-1	
-1	
-1	
-1	
-1	
-1	
-1	
-1	
-1	
-1	
5926	
2811	
-1	
-1	
-1	
-1	
-1	
-1	
-1	
-1	
-1	
-1	
327	329	326	328	325	121	123	407	
-1	
-1	
-1	
-1	
-1	
-1	
1887	1888	
4600	
-1	
-1	
-1	
-1	
-1	
-1	
-1	
6846	
-1	
124	117	
-1	
-1	
2811	
-1	
-1	
-1	
-1	
-1	
-1	
-1	
8263	8268	
-1	
8383	
-1	
-1	
6867	
-1	
-1	
-1	
-1	
2811	
6867	
-1	
-1	
-1	
-1	
-1	
-1	
-1	
-1	
-1	
-1	
-1	
-1	
-1	
-1	
-1	
797	
641	
-1	
-1	
-1	
-1	
-1	
7085	
-1	
-1	
-1	
986	1052	
-1	
-1	
-1	
4722	
8347	7156	
-1	
-1	
5472	
-1	
1891	8263	1864	8268	
-1	
-1	
-1	
-1	
4375	1787	
-1	
-1	
386	
-1	
-1	
4610	
-1	
-1	
-1	
2050	
2130	
-1	
-1	
-1	
-1	
-1	
-1	
-1	
-1	
-1	
2817	
6099	5076	8426	264	
-1	
2042	2133	3498	
-1	
-1	
-1	
-1	
-1	
-1	
6260	
-1	
-1	
-1	
-1	
-1	
-1	
407	416	
9774	
-1	
-1	
-1	
4610	
-1	
-1	
-1	
-1	
-1	
2043	
-1	
-1	
-1	
-1	
1864	
-1	
-1	
-1	
3492	
121	123	6867	
8263	327	
12001	
-1	
-1	
-1	
-1	
-1	
12975	
-1	
-1	
2050	
-1	
-1	
-1	
4610	
-1	
-1	
-1	
-1	
6863	6867	
-1	
-1	
-1	
-1	
-1	
-1	
-1	
-1	
-1	
-1	
-1	
-1	
-1	
483	
3341	
-1	
-1	
-1	
-1	
641	
-1	
6260	
-1	
-1	
-1	
-1	
-1	
-1	
-1	
6511	4191	
2811	
-1	
10689	
12975	
-1	
-1	
-1	
-1	
-1	
-1	
-1	
-1	
-1	
-1	
-1	
-1	
-1	
1402	
-1	
-1	
1059	1000	3870	1179	
325	
-1	
-1	
2811	
2817	
637	
2052	2050	
12975	
-1	
-1	
2048	
-1	
308	325	326	327	
1864	1892	1888	1890	
-1	
-1	
-1	
327	325	326	328	329	
-1	
121	
-1	
-1	
-1	
4888	5108	
-1	
-1	
-1	
-1	
-1	
-1	
483	9774	11709	
641	
-1	
12975	
-1	
2047	
-1	
-1	
-1	
6484	
-1	
4610	
407	483	416	
2043	
5416	
-1	
-1	
-1	
-1	
327	
-1	
-1	
-1	
-1	
4888	
8545	
-1	
-1	
-1	
-1	
-1	
-1	
12975	
-1	
-1	
2050	
-1	
10446	350	10456	10458	10457	641	4437	10475	2544	4817	7031	9442	1510	460	583	582	101	463	637	625	616	6119	633	619	617	626	631	11698	4356	1557	4353	1766	629	
9774	
-1	
-1	
-1	
-1	
327	328	
-1	
-1	
5861	
2115	
-1	
-1	
118	117	
-1	
3747	4038	
-1	
-1	
-1	
-1	
407	416	
-1	
-1	
-1	
-1	
-1	
1881	1888	
483	
2817	
-1	
121	407	
-1	
-1	
-1	
-1	
416	3501	3512	121	407	118	123	
5861	
-1	
-1	
-1	
-1	
-1	
-1	
3391	
407	416	483	
-1	
-1	
4888	
-1	
121	407	
-1	
-1	
12975	
-1	
-1	
-1	
117	123	132	121	118	416	
-1	
-1	
-1	
-1	
-1	
12511	
-1	
-1	
-1	
-1	
-1	
-1	
-1	
2811	
-1	
999	
6260	
-1	
-1	
-1	
-1	
4610	
123	308	327	
-1	
-1	
-1	
-1	
-1	
-1	
-1	
-1	
-1	
-1	
8263	
-1	
-1	
-1	
-1	
-1	
12511	
6260	
-1	
-1	
-1	
6511	
-1	
1916	
-1	
-1	
4610	
-1	
121	123	131	8263	407	
-1	
226	
-1	
-1	
-1	
-1	
-1	
-1	
-1	
-1	
2051	
-1	
-1	
745	745	
-1	
407	
-1	
-1	
-1	
-1	
10095	
-1	
-1	
-1	
10833	
-1	
-1	
637	
2817	
8383	
-1	
386	
-1	
-1	
-1	
-1	
-1	
-1	
-1	
-1	
-1	
-1	
-1	
6260	
-1	
-1	
-1	
8383	
-1	
12975	
-1	
-1	
-1	
-1	
-1	
2817	
327	325	326	
-1	
-1	
-1	
-1	
-1	
326	
-1	
-1	
-1	
-1	
416	
4610	
-1	
-1	
-1	
-1	
-1	
-1	
-1	
-1	
12975	
-1	
-1	
-1	
5615	
5812	
-1	
407	
635	634	
-1	
-1	
-1	
325	
-1	
6260	
5861	
124	
8383	
-1	
-1	
-1	
12975	
6260	
12975	
-1	
-1	
6260	
-1	
-1	
-1	
-1	
-1	
-1	
-1	
121	407	
3480	
-1	
-1	
-1	
1864	1892	1890	1888	
-1	
-1	
-1	
-1	
-1	
-1	
-1	
838	838	
-1	
-1	
-1	
175	1155	1168	
-1	
-1	
-1	
641	
-1	
-1	
-1	
-1	
4610	
-1	
-1	
-1	
-1	
-1	
-1	
-1	
325	326	327	328	329	
-1	
-1	
-1	
-1	
4191	
4610	
-1	
2791	
-1	
-1	
-1	
-1	
-1	
12975	
325	
-1	
2811	
-1	
-1	
-1	
-1	
-1	
7085	
1990	
-1	
-1	
-1	
12975	
-1	
-1	
-1	
-1	
-1	
-1	
-1	
1711	4038	
-1	
-1	
3391	
416	
-1	
-1	
4839	
6260	
-1	
641	
-1	
12001	
-1	
6149	
-1	
-1	
12001	
-1	
-1	
-1	
-1	
-1	
2050	
-1	
-1	
-1	
-1	
168	
-1	
-1	
-1	
-1	
416	
-1	
12975	
2043	
-1	
-1	
999	
326	325	
-1	
-1	
-1	
-1	
-1	
-1	
-1	
-1	
-1	
-1	
7085	
-1	
-1	
-1	
-1	
-1	
-1	
-1	
386	
-1	
226	
-1	
-1	
-1	
2811	
-1	
-1	
-1	
-1	
-1	
-1	
483	117	
2050	
679	
-1	
6260	
-1	
6260	
-1	
1766	
-1	
-1	
-1	
-1	
12511	
-1	
1483	
-1	
-1	
-1	
-1	
-1	
-1	
-1	
-1	
-1	
4888	
2811	
-1	
-1	
416	
4518	
-1	
-1	
-1	
-1	
-1	
2043	
12975	
-1	
5926	
-1	
-1	
5861	
4601	
-1	
-1	
4610	
-1	
-1	
-1	
12975	
1864	1892	1890	
-1	
-1	
-1	
-1	
3341	
-1	
-1	
-1	
-1	
-1	
7297	
-1	
121	407	416	6260	
-1	
2050	
-1	
-1	
-1	
-1	
-1	
325	326	
-1	
-1	
2047	
-1	
-1	
-1	
3480	
-1	
637	
-1	
1887	
-1	
-1	
-1	
-1	
-1	
-1	
-1	
-1	
-1	
-1	
2817	
-1	
12511	
9774	
1882	
-1	
-1	
2817	
5472	
483	
12511	
-1	
-1	
12511	
8173	1483	
326	124	
-1	
-1	
1864	1892	1890	
-1	
-1	
-1	
123	117	416	118	121	
12975	
-1	
-1	
2811	
-1	
-1	
407	416	
-1	
-1	
3391	
-1	
3528	
-1	
-1	
4722	
101	
-1	
-1	
12975	
-1	
-1	
-1	
-1	
8263	483	1888	
-1	
2811	
-1	
-1	
-1	
2115	
4527	
-1	
2115	
-1	
12975	
2050	
-1	
121	325	326	327	328	329	
-1	
-1	
-1	
4038	
327	325	326	
2811	
-1	
326	327	2817	
-1	
8426	10945	3734	4226	
6130	
2045	
-1	
1763	
-1	
407	416	483	
-1	
-1	
-1	
-1	
-1	
-1	
121	
-1	
-1	
123	124	131	132	7283	407	416	325	326	327	328	329	121	117	118	119	
-1	
407	416	
-1	
-1	
325	327	
-1	
-1	
-1	
-1	
12975	
-1	
-1	
-1	
-1	
-1	
2525	2527	4888	2526	
-1	
386	
121	123	325	
-1	
-1	
-1	
-1	
-1	
-1	
-1	
-1	
-1	
641	
137	
-1	
-1	
-1	
-1	
-1	
3166	1179	1155	397	1168	1179	
-1	
-1	
641	
-1	
-1	
-1	
2052	
-1	
-1	
-1	
582	
-1	
-1	
-1	
-1	
-1	
-1	
-1	
-1	
-1	
-1	
2043	
12511	
2817	
-1	
-1	
-1	
327	328	329	121	407	325	326	
2050	
-1	
12511	
-1	
-1	
-1	
-1	
8263	
-1	
-1	
-1	
-1	
-1	
12975	
-1	
-1	
12975	
-1	
319	3125	
-1	
226	206	
12975	
-1	
641	
-1	
1890	1887	1888	
118	117	120	
-1	
-1	
-1	
-1	
-1	
-1	
-1	
5472	
-1	
-1	
-1	
-1	
12975	
483	
-1	
-1	
-1	
-1	
-1	
-1	
3480	
-1	
-1	
582	
12975	
7743	6785	
-1	
325	326	327	
-1	
-1	
-1	
117	123	407	121	118	416	
4610	
-1	
489	
551	
-1	
2024	
-1	
3493	
-1	
-1	
2372	
-1	
-1	
-1	
2130	
12975	
121	325	
-1	
-1	
-1	
6263	
-1	
2043	
121	
4610	
-1	
6260	
124	
4527	
-1	
-1	
-1	
-1	
-1	
-1	
-1	
-1	
2817	
-1	
328	325	326	327	
-1	
-1	
-1	
325	
-1	
-1	
-1	
-1	
-1	
-1	
-1	
-1	
-1	
-1	
-1	
-1	
-1	
-1	
-1	
-1	
-1	
463	
-1	
-1	
-1	
-1	
5861	
7085	
3480	
-1	
-1	
-1	
-1	
-1	
-1	
-1	
-1	
-1	
6260	6263	305	
-1	
5591	
-1	
-1	
-1	
-1	
12511	
-1	
407	
-1	
-1	
-1	
1887	
912	
-1	
-1	
-1	
6260	
-1	
-1	
-1	
-1	
-1	
8658	
-1	
7438	
-1	
6867	
-1	
-1	
-1	
-1	
131	121	
-1	
-1	
2811	
-1	
-1	
325	326	328	327	
-1	
4610	
-1	
-1	
6260	6263	
-1	
-1	
-1	
-1	
5861	
-1	
-1	
2811	
-1	
416	407	325	6260	
-1	
582	
-1	
5127	
-1	
-1	
-1	
-1	
-1	
121	117	123	407	132	118	416	
168	
325	326	327	328	329	407	121	
2043	
12511	
-1	
-1	
407	
12975	
2050	
2043	
5861	
-1	
-1	
-1	
-1	
-1	
325	326	327	328	329	
-1	
407	325	
-1	
1864	1892	1890	1888	
-1	
-1	
-1	
-1	
-1	
2811	
-1	
7438	8854	2817	3857	2421	6651	2045	799	2595	2436	4610	838	1762	2817	
-1	
-1	
-1	
-1	
1575	
8426	
-1	
-1	
-1	
-1	
-1	
1363	
-1	
-1	
121	
-1	
-1	
-1	
-1	
483	
12975	
-1	
-1	
-1	
-1	
-1	
-1	
4601	
-1	
-1	
-1	
-1	
-1	
-1	
-1	
2050	
-1	
-1	
-1	
1864	1892	1890	1882	
-1	
6863	
-1	
-1	
326	
8383	
-1	
-1	
-1	
-1	
-1	
-1	
-1	
-1	
-1	
-1	
-1	
-1	
118	117	120	119	132	
-1	
-1	
-1	
-1	
-1	
-1	
1402	1059	2817	6867	
-1	
4191	
-1	
-1	
-1	
-1	
-1	
-1	
-1	
-1	
-1	
-1	
-1	
-1	
-1	
4610	
1402	
12975	
-1	
-1	
-1	
-1	
-1	
-1	
-1	
2817	
-1	
-1	
-1	
-1	
9914	9912	8545	
-1	
-1	
132	407	416	121	325	326	327	328	329	117	118	119	123	124	131	
5861	
-1	
6511	
-1	
-1	
-1	
4610	
-1	
-1	
2817	
-1	
-1	
8173	
-1	
-1	
-1	
-1	
-1	
2050	
-1	
2811	
-1	
-1	
275	4437	
-1	
8263	
-1	
-1	
-1	
-1	
-1	
-1	
2817	
10689	124	308	
-1	
-1	
-1	
5416	
-1	
-1	
-1	
8263	
-1	
-1	
483	
641	
-1	
-1	
483	
-1	
-1	
-1	
-1	
-1	
-1	
-1	
-1	
6260	6263	305	
-1	
-1	
-1	
10689	
329	407	121	123	328	326	327	325	
-1	
-1	
121	123	
-1	
407	
-1	
-1	
483	117	
-1	
118	117	121	407	416	
-1	
-1	
325	326	
-1	
7297	
8507	
-1	
-1	
386	
-1	
-1	
-1	
-1	
416	407	
-1	
407	
2133	3391	
-1	
-1	
-1	
-1	
-1	
-1	
8426	
-1	
-1	
-1	
9774	
11698	11698	
-1	
638	
6119	
-1	
-1	
2115	
4332	4330	1229	
-1	
-1	
-1	
-1	
2811	
1881	3376	
-1	
-1	
6260	
386	
641	
-1	
9774	
407	
2024	
-1	
-1	
-1	
-1	
4600	
-1	
-1	
-1	
-1	
-1	
12975	
-1	
326	327	328	329	407	416	121	123	325	
226	
-1	
-1	
6260	6263	
-1	
494	
-1	
-1	
-1	
-1	
-1	
-1	
-1	
-1	
-1	
-1	
6260	6263	305	
-1	
-1	
-1	
-1	
-1	
2045	
5584	
407	
-1	
-1	
-1	
124	
-1	
-1	
-1	
-1	
-1	
-1	
-1	
-1	
-1	
-1	
-1	
-1	
-1	
-1	
-1	
-1	
328	329	121	407	325	326	327	
-1	
5416	4356	
-1	
-1	
-1	
-1	
-1	
999	
-1	
6260	6484	
4610	
-1	
-1	
-1	
-1	
-1	
-1	
-1	
489	491	
-1	
11879	274	273	
-1	
-1	
-1	
641	
8426	3734	
6867	
-1	
-1	
-1	
-1	
-1	
8263	
326	327	
-1	
7520	
-1	
-1	
327	
-1	
-1	
-1	
-1	
5416	
-1	
7297	
-1	
6863	6867	
-1	
-1	
-1	
5812	
4610	
-1	
-1	
-1	
-1	
124	
-1	
-1	
-1	
-1	
-1	
-1	
-1	
-1	
-1	
-1	
489	
-1	
121	123	407	416	
-1	
6867	
-1	
-1	
-1	
4375	4356	
-1	
-1	
-1	
-1	
-1	
-1	
-1	
-1	
-1	
3734	
6260	6263	
-1	
-1	
-1	
-1	
-1	
12975	
5472	
-1	
-1	
123	
-1	
-1	
-1	
-1	
-1	
-1	
-1	
-1	
-1	
5076	6846	386	
-1	
2811	
-1	
5472	
-1	
-1	
-1	
2045	
-1	
-1	
5098	
-1	
-1	
-1	
-1	
-1	
-1	
-1	
6260	6263	305	
7438	
4610	
-1	
-1	
-1	
-1	
-1	
-1	
-1	
-1	
-1	
2817	
325	
4610	
6260	6263	
-1	
-1	
168	
325	
-1	
-1	
-1	
-1	
-1	
-1	
-1	
483	
9774	
-1	
-1	
-1	
-1	
-1	
-1	
-1	
-1	
-1	
-1	
-1	
-1	
12001	
-1	
460	
12511	
9774	
-1	
6260	6263	305	
-1	
-1	
-1	
1483	
-1	
-1	
-1	
6260	6263	305	
-1	
-1	
-1	
327	328	325	326	329	
-1	
-1	
-1	
-1	
-1	
-1	
-1	
-1	
7281	
489	
-1	
-1	
616	617	
-1	
416	
641	
-1	
-1	
416	118	117	123	121	
-1	
5591	
-1	
-1	
-1	
-1	
-1	
-1	
416	
-1	
-1	
325	
-1	
-1	
9774	
8383	
-1	
328	325	329	326	327	
5861	
-1	
-1	
2811	
-1	
-1	
-1	
386	
121	
-1	
-1	
999	
-1	
-1	
-1	
-1	
-1	
-1	
-1	
4610	
-1	
-1	
-1	
-1	
6867	
-1	
4610	
-1	
-1	
-1	
-1	
-1	
-1	
6260	
-1	
-1	
-1	
-1	
8658	3748	
-1	
12975	
-1	
-1	
-1	
-1	
-1	
-1	
616	
12327	
-1	
-1	
5310	
-1	
-1	
-1	
-1	
-1	
-1	
-1	
-1	
-1	
-1	
-1	
-1	
-1	
-1	
-1	
-1	
-1	
-1	
-1	
-1	
-1	
-1	
-1	
-1	
-1	
638	
-1	
-1	
-1	
-1	
121	123	416	118	117	
-1	
-1	
12975	
-1	
-1	
-1	
-1	
-1	
-1	
-1	
-1	
-1	
1103	
4210	
-1	
8263	
2133	631	
-1	
-1	
-1	
-1	
-1	
-1	
-1	
-1	
-1	
-1	
-1	
-1	
-1	
-1	
-1	
-1	
-1	
-1	
679	
-1	
-1	
12511	
-1	
-1	
-1	
-1	
5472	
-1	
-1	
-1	
-1	
-1	
-1	
4610	
12975	
-1	
-1	
641	
-1	
-1	
797	
-1	
-1	
-1	
-1	
-1	
-1	
-1	
-1	
6260	6263	
-1	
4610	
-1	
-1	
-1	
-1	
327	325	326	
6260	6263	305	
1766	6511	
386	
-1	
-1	
-1	
-1	
-1	
-1	
-1	
407	416	2817	
-1	
-1	
-1	
-1	
-1	
-1	
-1	
-1	
-1	
-1	
-1	
-1	
4890	
-1	
-1	
-1	
327	326	325	
-1	
2050	
8658	
1890	1891	1892	1893	
-1	
-1	
386	
-1	
641	4210	7520	6130	1766	582	
-1	
-1	
-1	
274	
-1	
-1	
-1	
-1	
-1	
132	121	
-1	
4610	
-1	
-1	
-1	
-1	
-1	
-1	
-1	
-1	
-1	
-1	
-1	
-1	
-1	
4610	
-1	
-1	
-1	
-1	
-1	
9442	
-1	
124	
-1	
-1	
1635	489	
-1	
8658	
-1	
-1	
-1	
-1	
483	
-1	
-1	
-1	
-1	
407	
-1	
-1	
-1	
-1	
-1	
-1	
-1	
-1	
-1	
-1	
-1	
5416	
-1	
-1	
5615	
-1	
-1	
-1	
-1	
-1	
-1	
264	
-1	
-1	
-1	
7281	
-1	
-1	
325	
483	
-1	
641	
-1	
-1	
-1	
-1	
-1	
-1	
-1	
-1	
582	
6260	460	
274	
-1	
-1	
-1	
1179	4216	1179	
-1	
-1	
-1	
-1	
-1	
-1	
-1	
-1	
-1	
121	
-1	
-1	
-1	
-1	
4610	
-1	
-1	
-1	
3391	
-1	
12975	
-1	
-1	
-1	
3391	
-1	
3493	
7297	
-1	
2043	
-1	
-1	
-1	
-1	
-1	
137	264	391	1168	489	226	1179	516	978	689	319	445	238	9986	206	357	187	
483	
-1	
-1	
-1	
-1	
-1	
-1	
-1	
-1	
-1	
-1	
-1	
-1	
7743	
-1	
-1	
-1	
483	
-1	
-1	
7997	
-1	
-1	
-1	
5861	
-1	
9774	
-1	
-1	
-1	
-1	
7031	
407	
-1	
-1	
-1	
-1	
-1	
-1	
-1	
-1	
-1	
-1	
-1	
-1	
2133	
-1	
12975	
5591	
-1	
6260	
-1	
-1	
-1	
-1	
-1	
-1	
8263	
999	
-1	
121	123	325	326	327	
-1	
999	
-1	
-1	
-1	
999	4038	
2043	
12009	
-1	
121	
-1	
-1	
5861	
-1	
-1	
-1	
-1	
-1	
-1	
-1	
-1	
-1	
-1	
386	
2544	2133	6846	
-1	
-1	
-1	
11879	
3376	
7085	
-1	
-1	
-1	
-1	
10689	308	
4610	
-1	
3660	
-1	
416	325	326	327	328	329	121	10945	407	
-1	
483	
-1	
-1	
-1	
-1	
416	
-1	
8263	483	
-1	
-1	
13026	
-1	
-1	
7156	
-1	
4527	
-1	
-1	
2115	
326	
-1	
1864	1892	1890	1888	
-1	
4375	1620	1787	
-1	
-1	
-1	
-1	
2045	
-1	
-1	
-1	
407	
-1	
-1	
-1	
1483	
-1	
-1	
12511	
-1	
-1	
-1	
999	11215	3870	1000	
-1	
-1	
-1	
4889	
-1	
-1	
-1	
-1	
-1	
-1	
-1	
-1	
-1	
6487	6751	6488	9204	6846	6863	6867	6854	
7031	
-1	
7438	
-1	
407	416	
-1	
-1	
838	
-1	
407	
325	
-1	
-1	
-1	
-1	
6260	
-1	
-1	
-1	
-1	
2811	
-1	
-1	
-1	
-1	
-1	
-1	
121	123	
386	
-1	
5127	
-1	
-1	
-1	
-1	
2047	
-1	
3528	
326	327	328	329	121	483	407	325	
637	
2024	
-1	
-1	
12975	
-1	
-1	
-1	
416	
6260	6263	305	
-1	
-1	
226	
-1	
-1	
2115	
168	
5534	
-1	
-1	
150	
-1	
-1	
-1	
-1	
-1	
-1	
-1	
483	
7085	
-1	
-1	
-1	
2043	
-1	
-1	
-1	
5861	
-1	
-1	
-1	
-1	
-1	
-1	
-1	
327	325	326	328	329	
-1	
8383	
3480	
5812	
-1	
4191	
-1	
-1	
416	407	
-1	
-1	
-1	
-1	
-1	
6119	
-1	
-1	
1887	
2047	
6260	
-1	
-1	
-1	
407	
-1	
8173	4191	
327	325	326	
-1	
-1	
-1	
-1	
-1	
-1	
641	
-1	
-1	
-1	
-1	
325	328	329	326	327	
407	416	
6511	
-1	
-1	
-1	
-1	
-1	
12975	
121	407	
12511	
8658	
-1	
124	
9774	
-1	
999	
-1	
-1	
-1	
-1	
-1	
-1	
6260	6263	
2047	
12975	
-1	
-1	
-1	
-1	
-1	
-1	
-1	
3493	
-1	
-1	
2817	
6260	
-1	
-1	
2043	
-1	
-1	
-1	
9774	
-1	
-1	
8545	
-1	
-1	
5584	
-1	
-1	
-1	
-1	
-1	
-1	
-1	
6119	
-1	
-1	
-1	
8383	
3376	
641	
-1	
-1	
416	
-1	
-1	
-1	
-1	
-1	
-1	
-1	
3391	
-1	
117	118	
-1	
-1	
-1	
12009	
2811	
-1	
-1	
-1	
-1	
4610	
-1	
582	
2043	
-1	
12975	
-1	
4038	
-1	
-1	
1893	1887	1888	1890	1891	1892	
-1	
-1	
-1	
-1	
-1	
-1	
-1	
-1	
5127	
-1	
-1	
1881	
-1	
1483	1168	634	10689	635	6413	4528	4356	5926	4178	6785	11290	
6260	
-1	
-1	
-1	
-1	
357	187	445	3648	7156	
-1	
1864	1891	1892	1890	
2050	
-1	
-1	
-1	
-1	
-1	
-1	
-1	
-1	
-1	
168	
12975	
-1	
-1	
325	326	327	328	329	407	
4610	
-1	
-1	
-1	
999	3862	
-1	
-1	
-1	
-1	
-1	
-1	
-1	
-1	
-1	
-1	
-1	
-1	
-1	
-1	
-1	
-1	
-1	
-1	
-1	
-1	
6863	
-1	
-1	
-1	
-1	
-1	
10095	5861	
-1	
12511	4600	
-1	
7281	7283	
-1	
-1	
12975	
-1	
-1	
-1	
-1	
6863	
-1	
-1	
123	121	
-1	
6260	6263	305	
121	123	416	407	
-1	
119	123	124	131	132	407	416	325	326	327	328	329	121	117	118	
-1	
-1	
4191	
-1	
5472	
-1	
7281	
132	407	416	121	325	326	327	328	329	117	118	119	123	124	131	
-1	
-1	
4610	
-1	
-1	
12001	
226	
-1	
-1	
-1	
-1	
-1	
-1	
-1	
2817	
-1	
-1	
-1	
-1	
6260	
-1	
325	327	326	
-1	
-1	
5472	
-1	
-1	
-1	
12975	2051	
-1	
12975	
-1	
-1	
-1	
-1	
4610	
-1	
638	
326	327	
-1	
-1	
-1	
-1	
9	
8383	
634	635	4178	
-1	
-1	
-1	
-1	
-1	
-1	
325	
-1	
-1	
-1	
-1	
-1	
-1	
-1	
-1	
-1	
407	416	483	
-1	
4610	
-1	
-1	
-1	
2817	
-1	
3498	
-1	
-1	
-1	
-1	
-1	
4888	
-1	
-1	
-1	
-1	
-1	
-1	
6260	6263	305	
-1	
-1	
-1	
6260	6263	305	
-1	
-1	
641	
-1	
-1	
-1	
-1	
-1	
-1	
6260	6263	
-1	
2817	
-1	
-1	
483	407	3980	8263	
-1	
1402	7912	
-1	
12975	
118	117	120	
-1	
-1	
9774	
-1	
638	
8182	6511	6484	10689	6846	
-1	
4839	
617	616	
-1	
-1	
-1	
2050	
407	416	483	
407	
-1	
-1	
-1	
-1	
123	416	117	118	121	
-1	
-1	
12511	
1402	
275	
-1	
7281	
-1	
3870	
-1	
-1	
-1	
-1	
-1	
-1	
-1	
-1	
4610	
-1	
-1	
-1	
-1	
-1	
168	
-1	
-1	
-1	
4839	
-1	
-1	
12001	
8173	8182	634	1483	4219	2133	6511	4178	4219	4219	6511	635	4178	4191	
4610	
-1	
8291	
-1	
-1	
-1	
-1	
-1	
-1	
-1	
-1	
-1	
-1	
2047	
3082	
-1	
168	
-1	
305	
-1	
-1	
2817	305	
4610	
483	
-1	
4610	
6260	
-1	
12975	
274	12081	
407	
-1	
-1	
-1	
-1	
483	
-1	
-1	
6260	6263	
-1	
4610	
-1	
-1	
12009	
-1	
187	
-1	
-1	
-1	
-1	
-1	
-1	
4600	
-1	
-1	
2811	
641	
-1	
226	
2048	
-1	
-1	
-1	
5861	
-1	
483	
-1	
-1	
-1	
-1	
-1	
-1	
-1	
4610	
-1	
-1	
121	124	416	123	
-1	
121	
6260	6263	
-1	
-1	
6260	
-1	
6260	6263	305	
-1	
-1	
-1	
-1	
8426	
-1	
-1	
-1	
-1	
6260	
-1	
3391	
-1	
-1	
-1	
-1	
483	407	
483	
1766	
-1	
-1	
-1	
-1	
-1	
-1	
-1	
-1	
6260	6263	
-1	
3493	
4610	
6867	
-1	
-1	
-1	
-1	
226	
-1	
-1	
6260	
-1	
641	
-1	
582	
-1	
-1	
4191	
-1	
407	
-1	
-1	
4610	
-1	
-1	
407	121	8263	
-1	
-1	
-1	
-1	
-1	
-1	
-1	
-1	
-1	
-1	
9774	2525	
1887	1888	
-1	
325	
-1	
5982	11989	
6260	6263	
-1	
6260	6263	305	
-1	
-1	
2817	
-1	
460	
-1	
-1	
-1	
-1	
1887	1882	1881	8263	1890	1891	1892	1893	
-1	
-1	
-1	
483	
-1	
-1	
-1	
-1	
-1	
-1	
325	326	
12975	
-1	
-1	
-1	
-1	
12975	
-1	
4610	
121	6785	
-1	
-1	
-1	
-1	
-1	
-1	
6099	
-1	
-1	
-1	
-1	
6260	6263	305	
641	
483	407	
-1	
-1	
-1	
4610	
641	
226	
-1	
