104
137
141
142
145
177
182
191
200
268
280
281
282
285
286
307
313
314
332
350
357
361
366
369
370
374
404
405
406
407
449
459
460
461
462
463
464
465
466
467
468
474
475
476
479
480
484
501
565
596
597
599
636
637
639
646
647
652
654
656
658
662
684
723
739
824
879
886
889
890
985
1156
1200
1203
1212
1239
1254
1256
1318
1326
1342
1373
1395
1538
1539
1545
1562
1593
1603
1643
1664
1665
1668
1701
1748
1775
1781
1804
1805
2025
2058
2059
2060
2061
2062
2063
2064
2065
2066
2067
2068
2069
2070
2154
2270
2279
2389
2390
2717
2725
2726
2728
2729
2730
2731
2732
2733
2734
2735
2744
2838
2841
2842
2974
3073
3117
3261
3558
3588
3658
3662
3709
3849
3869
3947
3949
3950
3951
3952
3953
3955
3961
3962
3963
3964
3965
3966
3967
3968
3969
3970
3971
3972
3973
3974
3976
3979
3980
3981
3982
3983
3984
3985
3986
3987
3988
3989
3995
3996
3998
3999
4000
4001
4034
4037
4250
4264
4374
4375
4417
4609
4771
4772
4783
4802
4819
4820
4943
4946
4953
4957
4958
4959
4966
4973
4990
5167
5180
5204
5205
5214
5216
5217
5225
5299
5301
5303
5304
5305
5306
5307
5309
5310
5317
5319
5321
5322
5323
5324
5325
5326
5372
5506
5577
5659
5660
5661
5664
5665
5670
5697
5698
5699
5700
5701
5702
5703
5704
5706
5707
5708
5709
5710
5714
5731
5732
5733
5751
5807
5872
6130
6131
6132
6230
6258
6272
6291
6292
6449
6450
6494
6495
6496
6497
6545
6576
6584
6586
6607
6608
6612
6671
6747
6791
6814
6825
6846
6881
6902
6989
7068
7069
7108
7246
7247
7468
7469
7470
7471
7472
7474
7477
7478
7575
7595
7763
7764
7767
7828
7935
8055
8113
8280
8377
8420
8421
8422
8513
8514
8521
8572
8573
8589
8590
8591
8754
8767
8777
8778
8779
9136
9246
9247
9248
9324
9325
9326
9330
9331
9333
9592
9681
9702
9703
9774
9807
9808
9809
9814
9817
9818
9819
9821
9823
9842
9888
9889
9890
9894
9895
9896
10086
10131
10132
10149
10158
10330
10368
10378
10431
10432
10481
10482
10558
10567
10568
10577
10618
10620
10655
10680
10681
10682
10683
10684
10685
10686
10687
10688
10689
10690
10691
10692
10733
10765
10837
10838
10839
10840
10841
10842
10944
11031
11069
11072
11230
11238
11359
11436
11437
11474
11495
11496
11497
11498
11653
11655
11664
11796
11797
11868
11870
11880
11904
11905
11906
12176
12195
12605
12628
12629
12656
12667
12668
12680
12681
12683
12684
12690
12692
12694
12696
12697
12698
12699
12724
12801
12855
12856
12949
12980
12981
12983
12985
12986
12988
12989
12990
12991
12992
12993
12994
12995
12996
12997
12998
12999
13000
13001
13002
13010
13085
13088
13089
13095
13123
13144
13145
13147
13148
13172
13210
13211
13212
13323
13365
13376
13393
13394
13395
13396
13399
13401
13405
13406
13415
13416
13441
13443
13449
13501
13518
13565
13566
13599
13600
13601
13606
13607
13608
13609
13610
13611
13616
13617
13620
13621
13622
13626
13634
13640
13641
13642
13644
13645
13647
13652
13654
13655
13661
13662
13664
13665
13666
13671
13676
13677
13679
13688
13771
13773
13774
13775
13812
13814
13901
14000
14014
14109
14112
14113
14114
14121
14143
14444
14494
14520
14698
14732
14733
14734
14984
14988
14989
15251
15455
15496
15775
16269
16270
16375
16511
16531
16540
16606
16611
16749
16818
16821
16822
16823
16826
16828
16831
16883
16894
16896
17260
17291
17364
17399
17400
17416
17444
17445
17879
17880
17881
17882
17883
17884
17905
17932
17935
17936
18031
18039
18119
18155
18156
18160
18161
18229
18352
18367
18371
18373
18375
18376
18377
18381
18464
18580
18593
18594
18595
18596
18597
18598
18599
18600
18601
18602
18603
18604
18605
18608
18609
18610
18611
18612
18619
18666
18667
18676
18782
18783
18784
18811
18813
18898
19103
19216
19508