8255
227
2304
2713
14364
14533
310
303
304
305
306
308
314
311
315
316
10686
10687
3082
8302
126
127
11662
8256
6260
6261
6262
6263
6264
6265
6267
6268
6269
6270
6271
6273
6274
6279
6280
8259
8301
2306
8234
8266
8235
6482
6483
6486
128
6783
6784
6785
6786
6788
6790
6791
6792
6793
6794
10693
10689
10690
10691
10692
124
7980
7982
8237
8238
8239
8240
8241
8242
8243
8204
8244
8246
8247
8248
8249
8250
8251
8252
8253
8257
8258
8262
8263
8270
8271
8231
8232
8285
8286
8287
8288
8289
8290
8291
8295
8296
8297
11661
11663
11664
11665
11667
8273
8277
12330
8278
16912
309
1866
14525
6282
8293
8280
8279
302
9551
7038
2309
8281
14158
14159
14160
14520
14521
14522
14524
14526
14527
14528
14529
14530
14531
14532
14538
14539
14540
14541
14482
14483
14484
14485
14488
226
16895
1881
1882
1883
1884
1885
1886
1890
1864
1891
1892
1893
1894
2303
8205
6484
8267
8282
8206
8274
1889
1888
1887
307
8283
16890
8268
11666
8292
125
1865
8261
8245
1867
8275
8254
