1642
7050
10747
2520
4643	4642	121
3528
12013
5351
5170
2520
1934
4527
2050
7438
6867
17135
11803
14416
5471
436
7610	12612
407	408	409	8263	8268
12161
738
13071
14528
9349
738
2520
4576
14483
9849
5795
483	484
300
7050
11296	11294	11295	3648	5169
2520
7447
10839	12161	12162
12008
4610
484
5170
5174
2026
407	409	408
10748	10747
13835
14520
2817
2520
17517
2520
13082
417	418	123	116	4642	121	4643	4644	4645	407	408	118	416
5823
484
15455	4342
16657
8318
7447
11299
1934
2520
17817
16229
206	5174
16229
6279	6260	6261	6262	6263	6264	6267	6268	6269
16920	16229
407	408	409	8263	8268
226	17509
9785
12014
11299
5586
16229
16920
274
12001
-1
712
9785
5981	12982
15453
10838
2520
9751
12162
12296
2520
7695
5604	10276	16907
9832
4360
797
1103
325
12975
11295
5471
1059
9852	10573	16591	7591
325	7281
4765
325	326	327	328	329	1883	1892	1884	1864	12005	407	408	409
7281	407	416	121	132
6861
12975
11214
2520
7187
4610
5169	5170
2811
10747
4765
9441
12975
16920
14484	14483
16656
4346
9447
1934
2520
16229
8166
6307
5471
5471
3734
7996	7997
2520
-1
2520
118	117	416	122
16922
12011	7156
8973
1333	8783	15652	12184	15654	15653	17121
12975
4642	4646	4643	407	416	121
14483
738
2115
123	10098	10099
484	483	485
1864	1865	1882	168
12
8973
612	6849
11296	11294	11295	16797
9146
6791	6260	6261	6262	6263	6264	305	6784
13071
9349
416	121	123	14483	14485
8383
10748
14528	14532
407	408	409	8263	8268
13071
7695
10584
6854	16591	16332
300	2817
5174	11755
16920
226
6132
169
10749
1934
14532	14528
8383
14532	14531	14528	4888
4765
12975	5169	5169
2520
4610
999
17412
1281	1934	1936
12001
14165	14176	14161	14177
9832
12010	1883
2520
16920
16920
4360
14532
1934
2811
1934
4765
17135	13030	4765	13026
169	168
8949
4644	4645	4643	4646	4642	116
6307
9921
6216
8151
2026
10748
857	858	14484	14485	14483	17551	416	417	418
16920
12638	7050
2043
305
11296
6279	6260	14520	6261	6262	6263	6264	6267	6268	6269
118	117	120	116
13421
6808
4601
14183	1934	1936	1942	1930
7281
9666
2817
263
1200
386
12162	12161
1934
12511
16229
15883	2713	8389	8306	7305	9666	8318	8347	8383	386	12061	8426	5037	891	7322	6183	13620	12492	5615	13836	9452	7813	7435	11803	6849	17318	7187	8416	6846	4356	13835	4180
8288	1302	1215	6260	6244	8231	10686	10687	10689	11299
300
4765
16229
847
12286
6269	6279	6260	6261	6262	6264	6267	6268
460	2042
4179	15657	14314	7352
12511	6291
14528
738
13835
9986	9985
5169
5351
738
4360
12286
2523	2518	2520	2520
745	7266
641	641
-1
7085
4643	4642	10690	121	4644
9785
738
857
5037
8892	12512	150
7187
1934
2050
7030
1990
16229
5072
12975
301
484	483
12612
4360
16229	5471
3493
8231
5153
300
9849
7085
14528	14531
301
8973
13071
3636	9934	12975	12623	2520	11827
641
17135
5169
13421
8973
12618
10584
10749
13026
2047
17412
7996
738
5170
14528	325	326	327
13071
2817
1934
11599	11599
16657
10747
12162	9020
2520
8973
7187
13065
124
5586
1416
12596
7305
14182	14181	14185	14186	14184
5169
738
9447
6307
12161
5926
2811
4195
12623
6784
2520
2520
5170	5169
9785
12130	12237
2520
17508
327	329	326	328	325	121	123	4643	4642	4645	407	408	409
2026
15729
-1
2520
5471
12591
1887	1888	1889	1934	1936	14520	1942	1930	14522	858	857	14524	14526	14528	14531
4600
16206
858
10523
7305	5037
2055
13421
858
6846
303
124	129	11296	116	117
9587
712
2811
17815
2520
11299
9590
17171	6182
4643	4642
16229
8263	8268	10749	10748	8231	8288
2026
8383
17551
17738
10838	6867
17402
6784	6791
9851
9674
2811
6867
9785
11296	11294	11295
13421
2520
10844
303
16657
14181	1934	1936	1942	1930	1200	8231
16920
5471
5981
1934
2520
5471
2520
797
641
16701
16229
12612	9844
5351
9839
7085
10995
2520
16229
13175	13031	13228	13253	13597	986	16183	6521	16185	10432	13185	1052
9839	9851
16229
17135	4765
4722
16185	8347	12014	7156	13030
738
16229
5472
12741	16920
1883	1891	8263	1864	8270	8268
16920
13071
2520
13235
4375	1787	13082
11675
16656
386
9785
4765
4610
6563
16920
16920
2050
2130
1934
16229
2520
13071
4765
13065
9785
9718
12013	12011	12013	12011	12011	12013
300	2817
6099	263	5076	8823	17903	8426	12159	15469	264
2520
9020	10587	4029	15605	3511	4036	10747	3497	2042	7209	2133	10749	12161	10748	4033	7021	12162	3498
3259	3258
-1
2520
9785
1934
301	300	6451	14867
6260	6783	8237	1215	1302
14181
6860
12633
12614	363
-1
12614
407	416
9774
13065
1934
12014
4610
15729
13071
2613
1416
8823
2043
2520
7266
7447
9674
1864	5174
6307
4393
5169
17508	3492
14485	121	122	123	14483	6867
8263	327
12001
2055
12612
4643	4642	4646	4644	4645	14484	4563
14483	14485
6784
12975	15729
11724
12014
2050
14528
6559
9849
4610
9781
16325	10749	17847
12623
7266
8892	6863	6867	6853
5981
5170
16229
5169	5170
6855
12614
9839
11247
9849
10747
1889
2745
16920	16229
484	483
3341
2520
9785
17412
1934
641
9715	9264
6260	6783	1215	8237	1302
15067
9674
16920
16229
2520
1416
17412
6511	4191
2811
7209	1586
11295	10693	10690	10689	10691	10692
12975
858	1491
5645
15906	8030
12596
16920
16206
300
11296	11294
14420
1934
10748
2520
10748
6182	1402	6182	6182
7282
13072	13025	6468
10749	1059	10748	3867	1000	3870	1179
325
2520
9785
2811
11983	300	11982	12421	2817	12420
637
2052	2050
12975
12161
16920
2048	3164
4765
308	325	326	327
1883	1864	1892	1888	1865	1884	1890
9785
12623
2520
327	325	326	328	329
17814	3866	1457	14927
14485	121
8892
4033
5037
4888	5108
6132
9851
17135
8973
8843	1682
6451	2508
483	484	485	9774	11708	11709	11696
641
300
12975
16787
2047
7695
4346
612	6849
6484	6269
13082
4610
407	408	483	484	416	417	409	12184
2043
5416
10749	12184	17121	16697
9849
738
16920
327
16920
7187
2520
13060
4888
8545	8544
16229
2520
6307
10686	14749
10749
16657
12975
12328
11233
2050
1586
10961	10446	10448	350	10444	10450	10445	10463	10468	10456	10471	10465	10459	10458	10457	10462	10464	10472	641	10460	10467	10461	4437	10473	6847	10454	10475	10474	7030	10479	10480	10455	2544	10476	10963	10478	3515	11247	6310	9585	7209	7210	3479	8843	9441	4349	8842	8844	17359	4817	7031	9442	1510	9584	108	4348	7187	9443	14657	460	4350	7519	7518	7517	4346	4347	13383	6131	4351	583	4376	7737	582	580	4360	101	7736	4811	463	637	581	10899	9856	625	616	6119	633	619	627	617	626	15412	631	1586	11698	4356	11250	11248	11249	1557	279	4765	11245	4357	465	4353	10839	10957	191	10958	10477	1766	10059	629	10346	6676	10453	4362	10708	10447	10451	10452	10449
7650	16917	8030	2347	9774	611
9349
14153
16229
1934
327	328
11831
16917
5861
2115
550
6307
118	117
16657
3828	3747	7209	10747	6355	13835	4038	5795	1934
15301
12237	12071	12010	12011	12012	12013	16681
13065
2520
407	416
9785
6853	8892
15456
12328
8544
1881	1888	1865	1200	8289	16607	12005
483	484	116
2817
2520
4643	4642	121	116	407	408
12613
15509
9781
856
416	417	418	116	4642	3511	3501	3512	121	4643	407	408	4645	118	4644	123
263	5861	1986	16713	7795	14420	16327
9851
2520
4003
5087
16229
17412
3391
14483	14484	407	416	14485	484	483
13064
12286
4888
9852
417	14485	14483	14484	121	116	407	408	4643	4642
16713
2520
12975
16920	17412
12162
8843	8844
418	4646	4642	117	123	132	4643	122	4644	121	417	118	4645	416	116
2520
738
12614
5170
12613
12511
2026
5087
7187	7949	7044
1934
300
484
4270
2811
4360
10749	10748	999	10747
6260	6261	6262	6264	16980
10584
2520
1682
1416
4610
11296	14483	14485	123	11295	11294	10686	308	327
13421
9785
9349
9785
12614
738
16229
7046
2520
2745
16657	8263
13065
6784
9851
2520
13031
12511
8231	6260	6783	8237	1215	1302
6894
1934
5351
6511	2334
9851
16584	1916	12162
301
11675	12237
4610
12614
4643	121	123	131	8263	407	408	409
436
226
6451
13233	14153	13235	13234
11296
9852
1377	8318	1379
10584
856	11686
4360
2051
17508
15728	15727
2339	745	17509	712	745
15120	10097
407
13835	13835
9781
9785
15727
10095
10052
16229	16920	17412	7098
16229	16920
15019	10833
12161	12162
14416
637	4563
2817
8383
13835
386	1285
13071
16707	7591
16229
712
12112
16229
5560
1934
712
14528
1978
6260	14520	6790	1934	1936
5471
16697	10748	17121	12184	10748
11296	11294
8383
2055
12975
1642
9785
12008
12614
1416
2817
327	325	326
16229
17412
12614
4360
738
303	326
13620	1586
16327
436
2520
416
4610
2520
550	12614
4765
11296	11295	11294
5921	5922
8202
15649
12013
12975
17551
17738
14176	14177	7703	5795
5615
5812
13421
407	408
8783	549	15632	14441	15352	6150	8722	15633	635	634	10577	14308
13065
15649
7265
325
11296	11294
6260	16980
5861
124
8383
4346	738
4360
9452
12975
6279	16980	6260	6261	6262	6264	6267	6268	6269
12975
2520
4195
6260
-1
5586
6847
11296	11294
4765
7610	858
16920
4643	4642	121	116	407	408
3480
12882	12878	12879
2520
2520
1883	1864	1892	1884	1890	1865	1888
16229	5560
10101	9665	9447	1546
14152
8389	7794	12061
12051
14357
16920	16229	17412
838	7095	838	5471
7021
1934
1934
175	1155	15680	14314	1168	15672
14528
8823
5153
641
2520
9832	9849
16229
5170
4610
7265
301
4033
2055
6307
1934
6268	6269	14526	14522
325	326	327	328	329
10747	10749
16657
4620
16229
4191
4610
9921
2791	16657
7266
7737
5169
12013
7209
12975
325
9851
2811
13421
10748	10749
7660
5921	12182
2520
7085
17509	1990	10498	4168
3482
949
10584
12975
7609
17412
1682
1934
10839
1416
6355
611	12338	1711	4100	7813	4038	12051
1416
6847	12738
3391
416	417	418
7795
6268	6269	14526	14522
4839	4840
6269	6279	6260	6261	6262	6264	6267	6268
7116
641
9785
12001	436	12014	12010
10749	10747
6148	6149
16657
16920
12001
14485
301
16229
16229
9441
2050
16920
13082
6861	6847
1416
168	169	12011	12014	12010	12008
13065
17121
15906
2524
4642	416	408
16920
12975
2043
194
16185	11299
999
326	325
300
16920
14226	14231
5169
16229
116	4643
9781
5170
10749
13030
7085
9849
7447
12614
1379
12184
300
6784
386
6307	12754	11714	9567
226
11831
7305
2523	2518	2520	6849
2811
16920
17135
13235
10844
580
13065
483	484	116	117
2050
679
9347	11724
6148	6260
6853
16980	6260	6267
2520
1766
16920
2520
16920	16229
7447
12511
12286
15659	15660	294	1482	1483	15659
16257
16920
16657
13235
7305	5037	11247
9921
1934
5800
436
4888	10847
2811
12614
7034	13447
416
4518	4519
9751
9785
17412
12010	12011
12073	12072
2043
12975
5981
5926
9832
16779
5861
4601
6150	7051	294
11296	11294	11295
4610
9349	9347
7949
10052
12975
1883	1864	1892	1884	1890
15509
8973
2706
14196	10847	8528	9020	8527	4328	12597	12596	14198	14197
10411	3341	1586	12512	13620	10747	4620	13071
17135
1416
191
611	6849
8823
15449	15456	13836	15446	7297	13835	15455	15453
17551
4642	121	407	416	6260
10748	10749
2050
2520
9447
14484
5586
5130
4642	4643	122	325	326
16920
12882	12878	12879
2047
8823
12184	10749	10747	10748	10749
2520
3480
13030
13835	637
2520
1887
16206
2520
17412
14483	14485	14484	857	858
16229
4643
5153
14532
858
13065
2817
5169	5170
12511
9785	9774
15620	1882
16229	5471
9751
2817
5472
483	484
12511
16657
300
12511
8173	1483
303	326	124
16607	12008
8823
1883	1864	1892	1884	1890
6307
2520
16229
123	117	416	417	418	4643	4644	4645	4642	4646	116	118	122	121
12975
5981
2520
2811
13421
6849
407	416	417	408	409	418
6860
6148	6150
3391
13031
3528
12618	5038
9785
4722
101	5169	5170
12061
1200
12975
13071
14422
484
10839	17135
8263	483	1888	1865
14395
2811
17817
16229	9751
5170
2115
4527
16920
2115
12184
12975
2050
2520
14485	14483	121	325	326	327	328	329
10838
2520
14484
4038
327	325	326
2811
14522
303	326	327	2817
6784
8426	13447	10945	3734	12158	4226	263	12159
6130
2045
1934
1763
9851
407	416	4642	483
2520
300
13065	13064
16229
16658
301	296
4643	121
16229
4765
123	124	131	132	7283	407	408	416	417	4643	418	325	326	327	328	329	1965	121	4642	4644	4645	116	117	118	119
14528
407	416	418	417	484
11669	6032	14158	16229	11724
6849
325	327
9781
7046
6784
9832
12975
5169
16229	16920	17412
13065
9852
16920
2525	13065	2520	2523	2527	2518	2524	4888	2520	2522	2526
5921	5922	5981
386
857	122	121	123	300	14485	4642	4643	325
10838
9785
2026
2520
9785
7021
12633
13835
9848
641
7736	137	5038
9347	9349
12112
1934
16656
4014
196	15644	3166	1174	13028	13068	13032	4795	194	13032	13835	1179	15647	1155	13031	397	3167	194	3167	396	1168	1179	395
11599
16607	17505	17506	17507
641
9781
12161	4033
6132
2052
16229
9751
9849
12130	12071	12073	582
17135
2706
15727
436
1934
2520
4360
9785
16920
300
2043
12511
300	2817
8823
1934
13065
327	328	329	14483	14485	121	116	407	409	325	326
2050
17318
12511
14416
11675
1416
17135
4643	4644	8263
6849
12162	12161	9020	12614	7650	12106
-1
10748
16920
12975
300
2503
12975
436
319	3125
2055
226	227	225	206	2713
12975
9785
10749	641
738
1883	1884	1886	1890	1887	1888	1889	4643
118	117	120
14485	14483
12612	12613	12614
10748
12328	11708	12325
2520
2520
9851
5472
11296
5560
12161
12161	12162
12975
484	483	485	10590	16591
4168
5981
14520
1934
14183
9833
3480
300
10749
582
12975
6849	7783	7743	7744	6785
300
325	326	327
738
9452
1934
418	4646	4642	117	123	407	408	409	4643	4644	4645	116	122	121	118	417	416
4610
858
489
550	551
9349
2024
13835
3493
12162	12161	14152
6307
2372
16657	15911
278
12591
2130
12975
4643	116	121	325
9832	9839
13082
9849
16980	6261	6263	6264	6262
13065
2043
300	121
4610
16925
6269	6279	6260	6261	6262	6264	6267	6268
303	124	300
4527
5169
300
612	6849
9751
2520
14483
16787
16623
2817
10839	10098	10099	5169	12106	1962
328	325	326	327
1416
300
12162	12161
325
7222
12614
14181	1934
2520
6847
16920
6784
12613
1416
1934
9785
1416
5170	16657	5616	5169
1934
5169
16917
1416
463
7209
13065
550
14532
5861
7085
3480
8166
16920
12072	12071	12073
738
9452
5169
11296	11294	11295
11831
300
6791	6783	6260	6261	6262	6263	6264	305	6784
12162	12161
5591
7209
4957
10098	10099
16591	7707	4821	10572	10118
12511
712
17551	14483	14484	407	408
10749
7021
11724
1887
16657	912	16656
13071
12754	9567	738
12741	17369	13175
6260	6261	6262	6264
16330	16332
10584
13065
12777	12793
9666
8658
5560
7438
738
16179	11803	6867	16779
7305
14538	14539	14541	14540	14907	17412
17517
7209
131	121	14749
11724
5351
2811
9781
4821	13835	13836
325	326	328	327
9674
4610
10748
15907	15906	15915	15911	15908	15913
6279	6260	6261	6262	6263	6264	6267	6269	6268
1934
8544
16229
1416
394	5861
-1
12007	8166
2811
12161
14483	14485	4643	4642	416	407	325	6260
13030	7266
582
1934
5127
9832
14528
14395
7021
16920
121	117	123	4646	4642	407	408	409	132	4643	4644	118	416	116	418	417	122	4645
12008	168
4643	325	326	327	328	329	407	121
2043
12511
436
16922
407
12975
2050
2043
5861
11957
9921
9833	9849
9781
2523	2518	2520	2520
325	326	327	328	329
16920
14485	14484	14483	407	325
13065
9567	16607	1883	1864	1892	1884	1890	1888	1865	12005
5471
9785
12328
14152
8973
2811
16229
6559	13065	10995	712	7438	8854	12161	7435	13064	14716	7589	14867	11299	12161	2817	936	10584	12611	14111	10747	6755	16787	3857	8847	2421	5726	18085	6651	7589	7708	2045	7609	5837	7095	799	2595	2436	4610	12161	11299	838	524	6458	1762	9565	4611	7702	1538	5174	9347	421	14867	7660	2817
14484	14483	14485	14484	14483	14485
9849
5981
13065
1575	705
263	8426
1934
1200	14181
6310
9781
10749
1363
9447
1416
4643	4645	4644	121	14749
17318
858
15421	15424	10638
4642
483
12975
14436
2520
16920
13065
12286
16657
4601
13233	13234
15456
2520
10286
14152
14483	14485
10749	10747
2050
9833	9849
5087
4765
1883	1864	1892	1884	1890	1882
9447
12023	12014	6863
8823
10315
326
8383
16229
15605
16203
16229
712
14528
11737
2520
4029
712
5351
1934
118	117	120	116	119	122	132
12013
2520
6784
17121
5471
16787
1402	300	4362	1059	8982	2817	3164	6867	4360
9447
4191
16925
16920
5922	5921
16229
1934
10523
13064
6784
6307
11296
14181	1934	1936
4765
300
4610
1402
12975
13064
12612	12614
8202
9833
738
13235	13234	14154	14153	13233	14152
15915
2817
17517
14420
6307
7050	7049
6150	9909	9907	13060	9910	9914	549	9912	8545	9913	11250	8544
857	858
12162	12161
132	4642	4646	4644	4645	407	408	416	417	121	418	325	326	327	328	329	4643	116	117	118	119	123	124	131
12613	5861
12014
6511
4095
263
5087
4610
16920
300
300	2817
712
4765
8173
12286	12051
14183	1934	1936
16229	16920
2520
2520
2050
12614	14152
2811
14181	1200	1934	1936
14181	15412
857	279	10747	10838	6847	10346	10839	17815	4620	16917	275	563	10411	4437	858	6288	278
8288
14528	8270	8263
12061
5471
16920
12011	12013
8306
14485	858	857
300	2817
10686	10689	10690	124	308
12013	12011
17508
15915	1491
5416	12492
14485	14483	14484
17517
9781
14528	8263
1934
2520
483	484
641
12161	12162
858
484	483
12161
6055
11294	11296	11295	14749
4620
7187	16211	8175	1897
5921	5922
9587
5174
6791	6260	6261	6262	6263	6264	305	6784
7695
580	581
1934
10690	10686	10689
408	329	407	409	4643	121	123	4642	4645	328	326	327	325
436
5560	16170
14485	17551	14484	121	122	123	14483
738
407	408	409
1482
1934
483	484	485	116	117
5169
14483	118	117	121	4643	407	408	409	416	417
13835
7949
325	326
9833
5795	7130	7297
8507	16922	1285	15442	17412	16920
8892
11299
386
12106
16229
6307
10052
416	407
17508
407	14483
6556	4168	9667	2133	9666	3391
7050
2055
9785
5169
6563
14532	12071
1642	13205	17517	17518	5891	12159	8426
436
9785
9832
9785	9774
12639	11681	11698	15689	15649	11687	11698	12779	12640	12792	11686	12634	12638	12635	12633
16920
638
6119
11296
14485	14484
2115
14547	4332	4330	10910	10909	1229	8527	13014	12302
10693
7305	5037
17412
2520
2811
11296	11294	11295	1881	3376
7949
14181
6260	1215	6783	8237	1302
386
641
8306	8305	8307	14489
9774	7794	7899
407	14483	408
2024
9851	9832	9836
7222
7305
2520
13653	4600	4180
9849
7021
1586
301
1934	1200	8231	14183
12975
5170
326	327	328	329	407	408	409	416	417	418	4643	4642	4646	4644	4645	121	123	325
226
11296	11294	11295
9781
6279	6260	16980	6261	6262	6263	6264	6267	6268	6269
1978
1730	494
16701
7305
16229
1934
9452
12623	15131
-1
8973
8306
6784
6791	6260	6261	6262	6263	6264	305	6784
5169
2520
16229
12614	14152
5169	10847
2045
16229	11593	5471	5584
407
12611
16920	16925
9785
124
13071
5170
5169
5921	5922	12182
14161
300
5560
16920	300
9851
13421
712
484
858
5823
16229
15455
328	329	14483	14485	121	407	409	325	326	327
2520
5416	4356	13031	13228	13253
2520
14483
16229
16920	16229
12161	12162
999
16920
6279	6260	6483	6484
4610
611	6849
5616
2520
15453
16920
12161
5811
489	490	491
16920
11879	1636	14471	9537	274	9536	13060	11878	273
12754	6307
9019
7736	7737
641
12159	17516	8426	17517	17518	5891	3734	12158
6867
8973
9567	4360
5471
-1
9781
8263
303	326	327
738
7520
10749	10747
13065
327
10749	10748
3258	3259
16920
5981
5416
17412
5800	7297
3497
6863	6853	6867
11724
-1
7198
5812	5811
4610
9832
12162	12161
16922
10749
14532	10686	124	14484	303
6132
5921	12182	5922	5981
16229
9020
10523	8973
10696	1682
7737
12010	12011	12013
7305
16229
489
550
121	123	14485	116	407	416
10839
6867	6860	6860
5169	738	12754	6563	2334
10748	10749
2520
4375	4356
10847
-1
9785
9781
13421
6784
9715
5823
9674	9921
3734
6279	6260	16980	6261	6262	6263	6264	6267	6268	6269
14528	17814
5471
5981
6849
5169
12975
5472
9020	12162	12161	12614	7650	17814	16213
12964	12184
14485	122	123
5169
10748	10747
17135
2520
10749
5471
11957
16229
8823
9783	6183	13194	6849	7609	12286	7435	8823	5076	9781	7813	16658	6846	4095	386	2713	8389
13065
2811
12072	12071
5472
10839
2520
9715	712	9264	15592
2045	9718
9833	9836	9839	9848	9849	9851	9852	9832
15823	16203
5098
17517
10523
6132
17517
1416
14532
5471
6791	5586	6260	6261	6262	6263	6264	305	6784
7438
4610
13234
8892
10749	10747
3164
12614
949	7266
1934
6784
858	857
2817
325
4610
6279	6260	16980	6261	6262	6263	6264	6267	6268	6269
12754	5169
11296	11295	11294
12011	168	12014	12010	169	138
325
17815
6182
16920
16920
11831
12614
16922
483
9774
16229
2705
4765
7305
4765
9832
1200
6307	10840	845	10748
2520
17412
6003
303
12001
4620
460
12511
9774
12754
6791	6260	6261	6262	6263	6264	305	6784
15557
12013
9785
1483
16920
5170
7050
6791	6260	6261	6262	6263	6264	305	6784
16229
10748
10846
327	328	325	326	329
4765
12161
12754	5169
13065
738	5169	12772	6307
14528
12013
11831
7281
489
278
14152	14153	14154
14153	14154	13235	616	10840	617
5170
416
641
17738
16330	16331
122	416	4642	118	117	1965	4644	4645	4643	418	417	123	4646	116	121
12614	363	11761	14280	5153
5591
-1
1416
12614
9921
116
10748
4646	4642	417	418	416
1934
9447
325
13065
6307	845
2522	9774	2520
8383
11296	11294	11295
328	325	329	326	327
5861
1934	9934
10748
2811
11831
1934
9452	2520
386
121	4643
16920
2026
999
11295	11294	11296
4346
6307
9665	10135	10101	9824	10072
300
12010	12011	12013	12012
6847
4610
11299	8949
16229
13064
12161	12162
6867
17412
4610
12051
12162	12161
5471
13071
9674
16204	16206
6260
9849
13065
2520
13421
12051	8537	18091	8823	12286	7972	8658	9452	6849	3748	2520	12328
16607	16611
12975
9851
17451	17450	17449
7021
436
4195
9785
8424	10023	12634	9358	7187	616
12328	12327
12162	12161
16204	16206
5310
-1
7447
12177
9785
12754	5169	9567	3479
13065
1934
17135
4180
4643	4642	4645
10837
12296
5795
8544
10844
9447
11296	10686	11294
16920	17412
6150
13065
16920
12162	12161
12328
13835
13235
638
10943
15649
9674
301
121	123	416	417	418	4644	4643	4645	116	118	122	4642	4646	117
6847
15911	15915
12975
1546
7220	3497	16713	11299	14196
9785
12051
12162	12161
7996
4643	4644
16920
7034	12328	12286
1103
4210
12286
8263
12061	12459	2133	631
1934
6469
10748
16920
12028
9785
5037
16229
10052
12754	5169
16657	16658
13065
857
16229
5087
16920
9020	12161
8142	10839
679
16922
5170
12511
12754	14357	5169	738
10749	10748	10747
16920
-1
5472
4643	4644
12614
13071
17412
11803
8722
4610
12975
1416
11831
641
11299
8843	11831	1682
797
12286
11724
1934
16681
9567
12445	16681	16681
12162	3079	12161	11714
16206
6279	6260	6261	6262	6263	6264	6267	6268	6269
7222	16779	6556	14686	12289
4610
13068
9833
9452
15120	10791	705
327	325	326
6791	6260	6261	6262	6263	6264	305	6784
6517	10072	6517	6517	6517	10072	6517	5907	10072	1766	10059	6310	6310	9665	13030	6511
386
14161
12162	4958
16920	16229
14483	14485
12161	12162	580
7695
5169
407	416	484	2817
16229
4195
4643	4642
11831
2520
14528	14520
4842
13835
2026
2030
4360
5811
4890
181
13653	17135	8318
1934
327	326	325
9447
2050
8658
1883	1884	1886	1890	1891	1892	1893	1894	9567
13653
9851
386
8844
641	581	4346	10708	4360	15301	4210	7520	580	10747	6130	4765	1766	582	10411	1586	13092	7187	9584	4351	4270	9443
4195
16229
6267
274
9852
13065
9921
16229
2520
4643	4644	132	121
12162	12161
4610
300
16920
12161	12162
5169
11214
13030
16920
14532
10749	10747	10748
9833
13235
10838
6307
4610
9832
7695
6784
6784
5921	5922
9441	9442
1978
124
12010	12013
436
1635	489
15453
8658
17738
10838
5471
1934
483	484
16920
12611
16229
7187
407	409	408
12161
16206	16204
2520
2520
5169	5170	10847
4765
16925
1897	11233
16980
712
12162
5351	5416	6132
12161	12162	11724	12614	8892
16920
5615
13655	11593	7674
5087
2520
12633
9833
-1
264
5471
16206
11296	11295	14749
7281
11296	11294	11295
12161
325
483	484
13835
641
9849
1934	1936	954
12161	12162	9020
12614
2520
12161
8973
16920
4346	582
6260	10686	6483	460
274
2520
13835
12754	5169
11750	1179	4216	1179	4215	11599	10747	10748	10749
9447
1934
1934
10749	10747
14541	14538	14539	14540
1934
12161
11724
11750
4643	4642	121	116
11831
12614
16920
13837	13835
4610
9785
17517
13065
858	857	3391
5169
12975
5471
13031	13065	7737
16920
3391
12011
3493
5800	5795	7297	7130
17517
2043
8823
-1
15446
14483	14484
12754	738
973	393	361	137	1166	227	611	977	891	264	391	394	225	1168	2513	489	226	1179	516	978	9590	689	319	263	445	238	9986	206	357	663	17370	187
484	483
9833
2520
10749	13421
13064
13065
16229
5471
15301
17412
2337
5170
13065
7743
13071
5037
738
483	484
16185
484
7996	7997
6791
16229
2026
5861
16920
9774	9781
6847
16657
4003
4360
7031	279
4643	407
12051
16579
1934	1936
8973
16920
16229
16920	16229
14528
14528
14482
6521
301
2133	15400	15334	15333	15694	15352
7266
12975
5174	7089	5153	5591	3435
9447
6269	6279	6260	6261	6262	6264	6267	6268
16607
17738
5130
1416
12328
15729
8263
999
12754	5169
121	123	325	326	327
12051
999
2055
10748	10749
10748
12286	999	15214	12005	4038	12011	17135
2043
12009
11296	11295	11294
121
858
436
5861
8532
5170	5169
7736	7737
10749
8544
7305
12161	12162
1934
4643
11957
386
14211	15640	10577	2544	6844	6845	194	2745	2133	15638	9718	6846
6132
581
12445
11879	1482	15724
11296	11294	11295	16797	3376
7085
16657
10708
2520
-1
10686	10687	10689	10691	10690	10692	308
4610
14183
3660	10837
5471
409	416	325	326	327	328	329	8290	8237	14483	14485	121	116	11294	11295	10945	407
-1
483
10844	14153	10847
4376
16917	4620	191
6859
416
9785
8263	483	484
11296	11295	11294
14483	14484
13026
12162	12161
16657
7156
16920
14528	4527
17135
9447
2115
303	326
8202
1883	1864	1892	1884	1890	8237	1888
12061
14190	4375	11687	12449	1620	11686	15412	1787	15585	14545	12447	1174	11681	16503	15586	4401
4765
1416
12754
1416
2045
1730
1934
5174
407	408
9441
13233	14152	13234	14154	14153	13235
13835	9447
1483
13421
10748
12511
12328
16229
5169	5170
11216	11217	11214	11599	999	11215	3868	11564	3870	3867	1000
1934	1936
13094
5174	10544
4889
2520
263
16229
6849
13065
11296	11295	11294
14420
4195
1934
6487	6748	6469	6745	6748	6751	9724	9725	6866	6488	8892	9204	6847	6846	6860	6859	6855	6862	6856	6863	6867	6865	6745	6746	6868	9358	6853	6854	9723	5177	6861
7031
16920
7438
12051
14484	14485	17551	407	416	857	858
17449	17451
16229
838	3435	13835	14161	3147
4270
4643	1965	407	16607
4643	325	129
166
9349
8973
15729	16229
6269	6279	6260	6261	6262	6264	6267	6268
17412
7949
13065
16229
2811
15911
14545
-1
12591
13065
12130
4643	4642	121	123
386
13065
5127
10749
436
15917	15906	15908	15907
7736	7737
2047
1934
3528
326	327	328	329	14483	14485	121	484	483	1165	407	325
637
2024
2520
7996
12975
12010	12011	12012	12013	12008
15352
11714	12414
416	417	418
6791	6260	6261	6262	6263	6264	305	6784
6269
13082
226	12614
17412
17508
2115
168	169	12011	14158
5534
550	8030
16922
150
10748
6847
14520
1934
15352
13065
857
483	484
7085
11695
9785
5169
2043
12614
10693
12162	12161
5861
17171	6182
10749
17545
8973
9785
11675
2520
327	325	326	328	329
2337
8383
3480
16591	10572	5812	12162
13064
15316	15006	4191
5170
16657
416	407
12161	12162	580
1934
9849
13031
1934
6119
10686	4643
6853
1887
2047
6269	6279	6260	6261	6262	6264	6267	6268
263
300
13421
14483	407	17551	300
300
15352	8173	4191	13065
327	325	326
2039
9833
9567	6307	738
5169
858
2520
641
9020
2520
9347
16229
325	328	329	326	327
407	416
6511
303
16920
1934
4195
14907
12975
4643	4642	121	116	407	408
12511
8658
857
14532	10686	124	14484
2520	2523	2518	2520	9774
1934
999
10846
10696
16920
13071
12162	12161
16657	16658
6279	6260	16980	6261	6262	6263	6264	6267	6268	6269
2047
12975
10749
16229	16920	17412
5130
17517
17412
14528	14526
436
3493
857	858
16786	1200
2817
6269	6279	6260	6261	6262	6264	6267	6268
484
1934
2043
10747
484
10839
9774
16787
301	9848	9852
8545
17551
12162
12796	10839	10838	11593	17543	17545	16229	5560	5584	5471	12777	12793
9781
436
16229
4957
13235
12161
10748
6119
9832
858
1934	1936
8383
11296	11294	11295	11297	16797	3376
7435	13065	6132	641
2055
10686	10638	4643
416	417	418
7098	3164
16204	16206
12051
5169
2055
2520
16920	17412
3391
7222
117	118
5560
11296
301	296
12014	12009	12013	12023	12007
2811
13064
2520
5174
17815
4610
8175
12162	12161	582	738
2043
16229
12975
12614
4038	7813
12738
5170
1893	1894	1887	1888	1883	1884	1886	1889	1890	1891	1892
3689
12623
10749
16229
13094
12161
550
14183	8231	1934	1936
5127
12010	12011	12012	12013
-1
1881
12286	12328
1483	10692	6788	10687	6224	6492	196	15649	1168	6468	6808	194	1333	634	17543	4793	4794	4795	6845	4796	4357	6811	6905	1482	6150	10693	700	10689	10690	10691	194	6793	15648	10287	8176	10295	178	10686	635	6414	6413	6794	191	6493	4528	6787	17814	4356	6790	6783	6814	6844	5926	4178	4177	6784	6785	6786	11700	6791	6815	6792	4797	11290
6260
300
1934
17738
6307	845
357	187	182	445	361	5351	3648	12286	12011	13064	181	7156	12013
2520
1864	1883	1891	1892	1890
2050
5170	5169
7021
3258
7695
5169
17543
2520
2520
13064
168	169	12011
12975
16920	16229
10748
14483	325	326	327	328	329	407
4610
13421
2520
3998
999	1934	3862
16920
8855
12161	10847	9020
11957
196
2520
2523	2518	2520	6849	2520
10749
9849
1934
16920
1934
2520
16920	17412
6307
8424
12162	12161
4360
16920
17517
6863
16920
16656
1934
484
9785
10095	5861
9785
12511	13653	13655	4600
7447
7281	7282	7283
5560	16170
16656
12975
5795
7043	7044	7045	7048	7050
4033
7209
6863
15906
13065
129	122	123	121
1934
6791	6260	6261	6262	6263	6264	305	6784
121	123	14485	116	14483	14484	408	416	407
14181	14182	14184	14185	2713
119	123	124	131	132	407	408	416	417	4643	418	325	326	327	328	329	121	4642	4646	4644	4645	116	117	118
4765
5174
4191	4168
10523
5472
15455	4346	15456
7281
132	4642	4646	4644	4645	407	408	409	416	121	417	418	325	326	327	328	329	4643	116	117	118	119	123	124	131
1200
17318
4610
14485	14483
17121	15730	15729	1333
12011	12001
226
-1
12011
2520
2520
16229
6860	6861
16920
2817	300
13082
12051
4620
1416
6260	6261	6262	6264	16980
13065
325	327	326
13065
11831
5472
6791
16229
1934
12975	9934	2051	6205
8973
12975
17517
5174	12106	14224	14225	1897	9534	9535	11233	3567	3564	17815
16229
300
4610
11724
638
303	326	327
14532
10747	10749
2745
14528
9
8383
857	858	856	6150	634	635	4178
16229	5471
1934	14181	14182	14183
4349
9567	738
7938	7955
738
325	303
738
14485
263
9849
14484	408
-1
13421
6307
8175
12184	407	408	409	416	417	418	483	484	485
9849
4610
7116
16229
5800	5795	5802
2817
9832
3498	4033
300
5471
5087
9785
8973
4888
484
738
12754	5169
9852
10638
10748	10749	10748
6791	6260	6261	6262	6263	6264	305	6784
13253	6307
13065
6849
6791	6260	6261	6262	6263	6264	305	6784
11296	11295	11294
4209
641
9567
1416
9447
16229
5169	5170
10686	6812	6808	6809	6810
6279	6260	6261	6262	6263	6264	6267	6268	6269
14483	14484	858	857	12106
300	2817
9785	8973
7146
483	407	10468	484	17509	739	3980	8263	17496
12162	12161
1402	7912
2520
12975
118	117	120	116
9849
16920
9774
738
638
10691	6517	6517	6517	6510	14308	6517	6514	549	8182	15169	14486	10687	6309	14490	15352	6486	6511	7084	6484	6483	6556	6517	7083	15656	10689	1412	6846
6563
4839	4840
13438	13383	13440	617	616	13720	13378	4369	13381	9067
9267	9266	13403	18085	5174
12612
10692	10693	10687	10686	14483	14532
2050
12184	407	408	409	416	417	418	483	484	485
407	17551
13421
9447
2524
5921	5922
123	416	417	418	116	117	118	4643	4644	121
2520
16907	12162	12161	12614	12613	5604	363	362	5776	10276
12511
1402
275
11724
7281
4642	4646	4643	4644	4645
3867	3870	3868	15662
2523
738
13082
858
300
14483	14485	14484
16229
17815
4610
5471
13403	2713	12051	12286	8537	13064	13065	11299
9785
2520
9751
12008	12010	169	168
5351
5169	5153	5170
14483	14484	14485
4839	580
13835
14485	14483	14484
12001
178	6150	12512	14752	1333	8173	16219	13064	15334	549	4179	8182	6309	634	7084	15352	12459	4177	15333	2745	1482	1483	12792	196	13063	13065	4219	2133	6517	194	4177	6517	6511	14512	13063	11214	6517	6517	8722	7084	13063	4178	4219	4219	12059	8176	6511	4177	6517	7083	635	9873	14582	15352	15400	10577	15224	4178	15352	194	11214	4191
4610
13253
12162	12161	9020	14526	8290	8291	11724
10523
14395
14484	408
7187
858
14181
10838
301
7305
2520
2047
3082
17412
12011	12010	12012	12013	168	169
6559
305	311	303
9785
11299	13071	858
311	2817	300	303	305
4610
483	484
6784
2705	4610
6260	6783	8237	1215	1302
5169
12975
10052	949	274	12081
407
5170
13065
13065
10326
483	484
2520
858
6279	16980	6260	6261	6262	6263	6264	6267	6268	6269
1642
4610
6784
16920	7098
12009
12754
187
2520
16657
15915	1491
13065
13094
1934
4600	13653
8318	17318
12614
2811
641
16920	16229
226	12614
2048
13835
9833
5471
5861
4209
484	483
13835
15301	4765
10748
7116
12591
-1
12112
4610
738
9839
121	124	416	123	11295
13065
121	14484	14485	14483	17551	857	858
6260	6261	6262	6263	6264
6307
612	6849
6260
1934
6791	6260	6261	6262	6263	6264	305	6784
16920
9349
738
14153
7034	8426
16920
1200
8289	8253
6150
6279	6260	6261	6262	6264	6267	6269
12612	12613	12614
3391
2520
2055
1345
2520
483	484	407
483	484	485
1766
5560	16170
14485	14483	14484
4095
3564	3567
7021
9785
16920
6307
6279	6260	16980	6261	6262	6263	6264	6267	6268	6269
9833
3493
4610
6867	16211	6853
1416
12286
5169
6849
226	12614
12328
17508
6260	6261	6262
303
641
16219	15714	15720
582
6784
12161	12162
4191
303	300
407	408	409
11831
13835
4610
16229
4765
4643	4642	407	408	121	8263
13071	9020	5616
17656
550
9851
6307
16920
4765
16922
13835
2520
9774	11299	2525	14175	9783	8537
1887	1888	1889
12613
325
9781
5982	11989
6279	6260	6261	6262	6263	6264	6267	6268	6269
13421
6791	6260	6261	6262	6263	6264	305	6784
13235
13835
2817
17135
460
5153
12011
10847
16920
1887	1882	1881	8263	14528	14485	1883	1884	1886	1890	1891	1892	1893	1894	1889
2520
17412
11296	11294	11295
483
1377	16783	4266	7146
10838
17516
6849
1934	1936
14153
325	10686	326
12975
12011
12008	12011	16591
16206
6847
12975
9020
4610
121	4643	6784	6785
12008
5811
12162	12051
15907	15906	15915	15911	15908	15913
6770
1934
6099	12638
5169
16657
11724
8949	5645
6791	6260	6261	6262	6263	6264	305	6784
641
483	484	407	408
5087
6307
6307
4610
641
226
2520
