1118
436
15653
2520
2521
319
2522
2523
2524
2525
2526
2527
5598
16993
1489
577
2536
9656
12740
15654
445
17346
9478
446
10546
12001
3514
447
4369
1162
12739
17339
4696
449
450
8509
4692
1938
4694
451
3874
9717
452
7649
453
16655
16710
3164
460
461
462
3209
466
4697
10547
173
392
465
3391
470
12660
5043
17203
2115
2124
3564
3567
1897
4700
13092
2914
9785
3734
3748
4699
17403
4023
3481
3482
3483
3493
3494
3513
3495
3496
3500
3497
3498
3499
3501
3502
3503
3504
3511
3512
3515
3517
3529
3531
3477
1730
1731
3479
3480
3485
3491
3492
3528
11636
4563
4180
301
580
2706
4765
13071
4393
10838
7810
7811
7812
6150
4576
4610
4620
4702
4710
4712
4714
4715
4716
4717
4718
4719
15352
17129
14395
4888
448
5076
2619
4957
3526
5075
5077
5078
5079
5081
5082
5084
5085
5086
5087
5088
15649
5108
5109
5110
5177
5240
16229
5560
5584
5471
616
5472
5473
637
625
361
5616
619
15652
5981
633
487
7089
626
5766
5767
9786
5811
5813
5812
5814
5861
12653
16810
137
12220
2517
641
17516
5891
12398
12219
17518
5899
5901
5921
5922
16926
2618
10286
1932
663
9018
9020
9247
9019
9248
263
6099
9264
141
6182
12741
6202
6120
3525
11726
17626
6288
6362
17543
697
1215
275
12020
4356
6529
712
1536
196
12218
11659
3516
5080
6745
6746
6747
6748
6749
6751
15221
6847
6867
3506
11698
12370
14664
16212
6754
6755
7030
7031
7352
15657
7034
847
4179
11727
10921
273
854
1636
7187
274
9825
348
100
4360
4361
4346
4349
15659
5044
278
7516
7609
10698
279
949
8504
7650
294
7743
7736
7737
7794
7793
7972
7985
7995
7996
7997
15662
1931
17517
16213
8426
8502
8503
8511
8745
8823
8843
8844
8908
8939
8953
9024
8946
12105
8973
3519
9205
9273
857
858
9666
9487
9584
9585
9441
9674
16802
9751
300
10523
9856
12106
1174
10023
13902
9665
10101
10133
10135
1279
10544
10545
1200
10839
10707
12511
797
353
138
10945
10946
10947
13904
13905
4227
11214
1287
4191
337
631
11686
6055
13654
11720
11710
11711
11754
12737
12184
13060
12002
11878
11879
344
3410
16887
178
10294
4210
12606
10485
10486
6530
1302
3510
12004
12381
12006
12007
12009
12010
12011
12012
12013
12015
12017
12018
3260
3213
12019
12021
12023
12158
12016
12159
8955
12641
5038
5039
5040
8318
12609
12328
12610
11713
11724
11714
11722
16681
17412
12399
12400
12401
12404
12410
12411
12420
12421
12445
12447
12643
12605
8949
8950
8951
4600
4601
12555
12556
10411
17349
17330
17337
17336
17335
17334
17338
17333
17331
17332
11233
12630
12629
12631
12633
12634
12636
4612
12650
12651
12655
12589
12611
12590
12591
12596
12597
11658
12598
12601
13620
12599
12600
15582
12665
12666
12677
11971
12623
10909
187
17125
17356
454
357
9774
9775
9776
9777
9778
9779
9782
9780
9781
9784
9921
9922
9923
9925
9926
12777
12779
16921
16922
8508
5049
12859
9536
578
15725
12953
12161
12162
5615
12967
13381
3834
11697
13063
13064
13065
1482
4362
1483
2817
13421
13447
1506
13653
13655
14157
9783
2615
1546
4703
9537
9924
16925
1586
11728
10696
3509
1217
549
1607
1608
1610
1165
10911
15120
4376
11826
5127
15372
14358
15380
15442
15447
1682
1705
15714
1333
1711
16076
16257
16107
16178
17121
16256
8424
8425
16656
16657
16658
16659
16707
12112
16711
17106
17127
17135
17131
17130
17341
17342
17345
17347
17348
17318
17402
15727
17815
17903
18091
1933
1934
1935
1936
1937
1939
1940
1941
1942
1930
4226
17545
5092
17340
12453
4698
12138
3147
12102
2024
11729
12668
9026
15121
356
133
9025
635
12406
8941
3518
12644
2209
2208
2509
12022
12014
6398
617
16660
9715
394
2774
12494
391
4613
3833
1353
12615
8940
393
3530
6131
12031
7651
12654
2518
6363
7297