-1
-1
-1
-1
4643	4642	121
-1
-1
-1
-1
-1
-1
-1
-1
-1
-1
-1
-1
-1
-1
-1
-1
407	408	409
-1
-1
-1
-1
-1
-1
-1
-1
-1
-1
-1
483	484
-1
-1
11296	11294	11295
-1
-1
-1
-1
-1
484
-1
-1
-1
407	409	408
-1
-1
-1
-1
-1
-1
-1
-1
417	418	123	116	4642	121	4643	4644	4645	407	408	118	416
-1
484
-1
-1
-1
-1
11299
-1
-1
-1
-1
-1
-1
-1
-1
407	408	409
-1
-1
-1
11299
-1
-1
-1
-1
-1
-1
-1
-1
-1
-1
-1
-1
-1
-1
-1
-1
-1
-1
-1
-1
-1
-1
325
-1
11295
-1
-1
-1
325	7281
-1
325	326	327	328	329	407	408	409
7281	407	416	121	132
-1
-1
-1
-1
-1
-1
-1
-1
-1
-1
-1
-1
-1
-1
-1
-1
-1
-1
-1
-1
-1
-1
-1
-1
-1
-1
-1
-1
-1
118	117	416	122
-1
-1
-1
-1
-1
4642	4646	4643	407	416	121
-1
-1
-1
123	10098
484	483	485
168
-1
-1
-1
11296	11294	11295
-1
-1
-1
-1
416	121	123
-1
-1
-1
407	408	409
-1
-1
-1
-1
-1
-1
-1
-1
-1
169
-1
-1
-1
-1
-1
-1
-1
-1
-1
-1
-1
-1
-1
-1
-1
-1
-1
-1
-1
-1
-1
-1
-1
-1
-1
-1
169	168
-1
4644	4645	4643	4646	4642	116
-1
-1
6216
-1
-1
-1
416	417	418
-1
-1
-1
-1
11296
-1
118	117	120	116
-1
6808
-1
-1
7281
-1
-1
-1
-1
-1
-1
-1
-1
-1
-1
11299
-1
-1
-1
-1
-1
-1
-1
-1
-1
-1
-1
-1
-1
-1
-1
-1
-1
-1
-1
-1
-1
-1
-1
4643	4642	121	4644
-1
-1
-1
-1
-1
-1
-1
-1
-1
-1
-1
-1
-1
-1
484	483
-1
-1
-1
-1
-1
-1
-1
-1
-1
-1
-1
-1
-1
-1
-1
-1
-1
-1
-1
-1
-1
-1
-1
-1
-1
-1
-1
-1
325	326	327
-1
-1
-1
-1
-1
-1
-1
-1
-1
-1
-1
-1
-1
-1
-1
-1
-1
-1
-1
-1
-1
-1
-1
-1
-1
-1
-1
-1
-1
-1
-1
12130	12237
-1
-1
327	329	326	328	325	121	123	4643	4642	4645	407	408	409
-1
-1
-1
-1
-1
-1
-1
-1
-1
-1
-1
-1
-1
-1
-1
-1
-1
129	11296	116	117
-1
-1
-1
-1
-1
11299
-1
-1
4643	4642
-1
-1
-1
-1
-1
-1
-1
-1
-1
-1
-1
-1
-1
-1
11296	11294	11295
-1
-1
-1
-1
-1
-1
-1
-1
-1
-1
-1
-1
-1
-1
-1
-1
-1
-1
-1
-1
-1
-1
-1
-1
-1
-1
-1
-1
-1
-1
-1
-1
-1
-1
-1
-1
-1
-1
-1
-1
11675
-1
-1
-1
-1
-1
-1
-1
-1
-1
-1
-1
-1
-1
-1
-1
-1
-1
-1
-1
-1
-1
-1
-1
3258
-1
-1
-1
-1
-1
-1
-1
-1
-1
-1
-1
-1
407	416
-1
-1
-1
-1
-1
-1
-1
-1
-1
-1
-1
-1
-1
-1
-1
-1
-1
-1
-1
-1
121	122	123
327
-1
-1
-1
4643	4642	4646	4644	4645
-1
-1
-1
-1
-1
-1
-1
-1
-1
-1
-1
-1
-1
-1
-1
-1
-1
-1
-1
-1
-1
-1
-1
-1
-1
-1
-1
-1
484	483
-1
-1
-1
-1
-1
-1
-1
-1
-1
-1
-1
-1
-1
-1
-1
-1
-1
-1
11295
-1
-1
-1
-1
-1
-1
-1
-1
11296	11294
-1
-1
-1
-1
-1
-1
7282
-1
-1
325
-1
-1
-1
-1
-1
-1
-1
-1
-1
-1
-1
325	326	327
-1
-1
-1
-1
327	325	326	328	329
-1
121
-1
-1
-1
-1
-1
-1
-1
-1
-1
-1
483	484	485
-1
-1
-1
-1
-1
-1
-1
-1
-1
-1
-1
407	408	483	484	416	417	409
-1
-1
-1
-1
-1
-1
327
-1
-1
-1
-1
-1
-1
-1
-1
-1
-1
-1
-1
-1
-1
-1
-1
-1
-1
-1
-1
-1
-1
-1
327	328
-1
-1
-1
-1
550
-1
118	117
-1
-1
-1
12237	12071
-1
-1
407	416
-1
-1
-1
-1
-1
-1
483	484	116
-1
-1
4643	4642	121	116	407	408
-1
-1
-1
-1
416	417	418	116	4642	121	4643	407	408	4645	118	4644	123
-1
-1
-1
-1
-1
-1
-1
-1
407	416	484	483
-1
-1
-1
-1
417	121	116	407	408	4643	4642
-1
-1
-1
-1
-1
-1
418	4646	4642	117	123	132	4643	122	4644	121	417	118	4645	416	116
-1
-1
-1
-1
-1
-1
-1
-1
-1
-1
-1
484
-1
-1
-1
-1
-1
-1
-1
-1
-1
-1
11296	123	11295	11294	327
-1
-1
-1
-1
-1
-1
-1
-1
-1
-1
-1
-1
-1
-1
-1
-1
-1
-1
-1
-1
-1
-1
-1
-1
-1
11675	12237
-1
-1
4643	121	123	131	407	408	409
-1
-1
-1
-1
11296
-1
-1
-1
-1
-1
-1
-1
-1
-1
-1
407
-1
-1
-1
-1
-1
-1
-1
-1
-1
-1
-1
-1
-1
-1
-1
-1
-1
-1
-1
-1
-1
-1
-1
-1
-1
-1
-1
-1
-1
-1
11296	11294
-1
-1
-1
-1
-1
-1
-1
-1
-1
327	325	326
-1
-1
-1
-1
-1
326
-1
-1
-1
-1
416
-1
-1
550
-1
11296	11295	11294
-1
-1
-1
-1
-1
-1
-1
-1
-1
-1
-1
407	408
-1
-1
-1
-1
325
11296	11294
-1
-1
-1
-1
-1
-1
-1
-1
-1
-1
-1
-1
-1
-1
-1
-1
11296	11294
-1
-1
-1
4643	4642	121	116	407	408
-1
-1
-1
-1
-1
-1
-1
-1
-1
-1
-1
-1
-1
-1
-1
-1
-1
-1
-1
-1
-1
-1
-1
-1
-1
-1
-1
-1
-1
-1
-1
-1
-1
325	326	327	328	329
-1
-1
-1
-1
-1
-1
-1
-1
-1
-1
-1
-1
-1
-1
325
-1
-1
-1
-1
-1
-1
-1
-1
-1
-1
-1
-1
-1
-1
-1
-1
-1
-1
-1
-1
-1
-1
-1
-1
416	417	418
-1
-1
4839	4840
-1
-1
-1
-1
-1
-1
6148
-1
-1
-1
-1
-1
-1
-1
-1
-1
-1
-1
-1
-1
168	169
-1
-1
-1
-1
4642	416	408
-1
-1
-1
-1
11299
-1
326	325
-1
-1
-1
-1
-1
116	4643
-1
-1
-1
-1
-1
-1
-1
-1
-1
-1
-1
-1
-1
-1
-1
-1
-1
-1
-1
-1
-1
-1
-1
-1
-1
483	484	116	117
-1
-1
-1
6148
-1
-1
-1
-1
-1
-1
-1
-1
-1
-1
-1
-1
-1
-1
-1
-1
-1
-1
-1
-1
-1
-1
-1
-1
416
-1
-1
-1
-1
-1
12073	12072
-1
-1
-1
-1
-1
-1
-1
-1
-1
11296	11294	11295
-1
-1
-1
-1
-1
-1
-1
-1
-1
-1
-1
-1
-1
-1
-1
-1
-1
-1
4642	121	407	416
-1
-1
-1
-1
-1
-1
-1
4642	4643	122	325	326
-1
-1
-1
-1
-1
-1
-1
-1
-1
-1
-1
-1
-1
-1
-1
-1
4643
-1
-1
-1
-1
-1
-1
-1
-1
-1
-1
-1
-1
-1
483	484
-1
-1
-1
-1
-1
326
-1
-1
-1
-1
-1
-1
123	117	416	417	418	4643	4644	4645	4642	4646	116	118	122	121
-1
-1
-1
-1
-1
-1
407	416	417	408	409	418
-1
6148
-1
-1
-1
-1
-1
-1
-1
-1
-1
-1
-1
-1
484
-1
483
-1
-1
-1
-1
-1
-1
-1
-1
-1
-1
-1
-1
-1
121	325	326	327	328	329
-1
-1
-1
-1
327	325	326
-1
-1
326	327
-1
-1
-1
-1
-1
-1
-1
407	416	4642	483
-1
-1
-1
-1
-1
-1
4643	121
-1
-1
123	131	132	7283	407	408	416	417	4643	418	325	326	327	328	329	121	4642	4644	4645	116	117	118	119
-1
407	416	418	417	484
11669
-1
325	327
-1
-1
-1
-1
-1
-1
-1
-1
-1
-1
-1
-1
-1
122	121	123	4642	4643	325
-1
-1
-1
-1
-1
-1
-1
-1
-1
-1
-1
-1
-1
-1
-1
-1
-1
-1
-1
-1
-1
-1
-1
-1
-1
-1
-1
12130	12071	12073
-1
-1
-1
-1
-1
-1
-1
-1
-1
-1
-1
-1
-1
-1
-1
-1
327	328	329	121	116	407	409	325	326
-1
-1
-1
-1
11675
-1
-1
4643	4644
-1
-1
-1
-1
-1
-1
-1
-1
-1
-1
-1
-1
-1
-1
-1
-1
-1
4643
118	117	120
-1
-1
-1
-1
-1
-1
-1
-1
11296
-1
-1
-1
-1
484	483	485
-1
-1
-1
-1
-1
-1
-1
-1
-1
-1
-1
-1
-1
325	326	327
-1
-1
-1
418	4646	4642	117	123	407	408	409	4643	4644	4645	116	122	121	118	417	416
-1
-1
-1
550
-1
-1
-1
-1
-1
-1
2372
-1
-1
-1
-1
-1
4643	116	121	325
-1
-1
-1
-1
-1
-1
121
-1
-1
-1
-1
-1
-1
-1
-1
-1
-1
-1
-1
-1
-1
10098
328	325	326	327
-1
-1
-1
325
-1
-1
-1
-1
-1
-1
-1
-1
-1
-1
-1
-1
-1
-1
-1
-1
-1
-1
-1
-1
550
-1
-1
-1
-1
-1
-1
12072	12071	12073
-1
-1
-1
11296	11294	11295
-1
-1
-1
-1
-1
-1
-1
10098
-1
-1
-1
407	408
-1
-1
-1
-1
-1
-1
-1
-1
-1
-1
-1
-1
-1
-1
-1
-1
-1
-1
-1
-1
-1
-1
-1
131	121
-1
-1
-1
-1
-1
325	326	328	327
-1
-1
-1
-1
-1
-1
-1
-1
-1
-1
-1
-1
-1
-1
4643	4642	416	407	325
-1
-1
-1
-1
-1
-1
-1
-1
-1
121	117	123	4646	4642	407	408	409	132	4643	4644	118	416	116	418	417	122	4645
168
4643	325	326	327	328	329	407	121
-1
-1
-1
-1
407
-1
-1
-1
-1
-1
-1
-1
-1
-1
325	326	327	328	329
-1
407	325
-1
-1
-1
-1
-1
-1
-1
-1
-1
11299	11299
-1
-1
-1
-1
-1
-1
-1
-1
-1
-1
-1
-1
-1
-1
4643	4645	4644	121
-1
-1
15421	15424
4642
483
-1
-1
-1
-1
-1
-1
-1
-1
-1
-1
-1
-1
-1
-1
-1
-1
-1
-1
-1
-1
-1
-1
-1
-1
326
-1
-1
-1
-1
-1
-1
-1
-1
-1
-1
-1
-1
-1
118	117	120	116	119	122	132
-1
-1
-1
-1
-1
-1
-1
-1
-1
-1
-1
-1
-1
-1
-1
-1
-1
-1
11296
-1
-1
-1
-1
-1
-1
-1
-1
-1
-1
-1
-1
-1
-1
-1
-1
-1
-1
-1
-1
-1
132	4642	4646	4644	4645	407	408	416	417	121	418	325	326	327	328	329	4643	116	117	118	119	123	131
-1
-1
-1
-1
-1
-1
-1
-1
-1
-1
-1
-1
-1
-1
-1
-1
-1
-1
-1
-1
-1
-1
-1
-1
-1
-1
-1
-1
-1
-1
-1
-1
-1
-1
-1
-1
-1
-1
-1
-1
-1
-1
-1
-1
483	484
-1
-1
-1
484	483
-1
-1
11294	11296	11295
-1
-1
-1
-1
-1
-1
-1
-1
-1
-1
408	329	407	409	4643	121	123	4642	4645	328	326	327	325
-1
-1
121	122	123
-1
407	408	409
-1
-1
483	484	485	116	117
-1
118	117	121	4643	407	408	409	416	417
-1
-1
325	326
-1
-1
-1
-1
11299
-1
-1
-1
-1
-1
416	407
-1
407
-1
-1
-1
-1
-1
-1
12071
-1
-1
-1
-1
-1
-1
-1
-1
-1
11296
-1
-1
-1
-1
-1
-1
-1
-1
11296	11294	11295
-1
-1
-1
-1
-1
-1
-1
407	408
-1
-1
-1
-1
-1
-1
-1
-1
-1
-1
-1
-1
-1
326	327	328	329	407	408	409	416	417	418	4643	4642	4646	4644	4645	121	123	325
-1
11296	11294	11295
-1
-1
-1
-1
-1
-1
-1
-1
-1
-1
-1
-1
-1
-1
-1
-1
-1
-1
-1
-1
-1
-1
407
-1
-1
-1
-1
-1
-1
-1
-1
-1
-1
-1
-1
-1
-1
-1
484
-1
-1
-1
-1
328	329	121	407	409	325	326	327
-1
-1
-1
-1
-1
-1
-1
-1
-1
-1
-1
-1
-1
-1
-1
-1
-1
-1
-1
-1
-1
-1
-1
-1
-1
-1
-1
-1
-1
-1
-1
-1
-1
326	327
-1
-1
-1
-1
327
-1
3258
-1
-1
-1
-1
-1
-1
-1
-1
-1
-1
-1
-1
-1
-1
-1
-1
-1
-1
-1
-1
-1
-1
-1
-1
-1
-1
-1
-1
550
121	123	116	407	416
-1
-1
-1
-1
-1
-1
-1
-1
-1
-1
-1
-1
-1
-1
-1
-1
-1
-1
-1
-1
-1
-1
-1
-1
-1
-1
122	123
-1
-1
-1
-1
-1
-1
-1
-1
-1
-1
-1
-1
12072	12071
-1
-1
-1
-1
-1
-1
15823
-1
-1
-1
-1
-1
-1
-1
-1
-1
-1
-1
-1
-1
-1
-1
-1
-1
-1
-1
-1
-1
325
-1
-1
-1
11296	11295	11294
168	169
325
-1
-1
-1
-1
-1
-1
-1
483
-1
-1
-1
-1
-1
-1
-1
-1
-1
-1
-1
-1
-1
-1
-1
-1
-1
-1
-1
-1
-1
-1
-1
-1
-1
-1
-1
-1
-1
-1
-1
327	328	325	326	329
-1
-1
-1
-1
-1
-1
-1
-1
7281
-1
-1
-1
-1
-1
416
-1
-1
-1
122	416	4642	118	117	4644	4645	4643	418	417	123	4646	116	121
-1
-1
-1
-1
-1
-1
116
-1
4646	4642	417	418	416
-1
-1
325
-1
-1
-1
-1
11296	11294	11295
328	325	329	326	327
-1
-1
-1
-1
-1
-1
-1
-1
121	4643
-1
-1
-1
11295	11294	11296
-1
-1
-1
-1
-1
-1
-1
11299
-1
-1
-1
-1
-1
-1
-1
-1
-1
-1
-1
-1
-1
-1
-1
-1
-1
-1
-1
-1
-1
17451	17449
-1
-1
-1
-1
-1
-1
-1
-1
-1
-1
-1
-1
-1
-1
-1
-1
-1
-1
4643	4642	4645
-1
-1
-1
-1
-1
-1
11296	11294
-1
-1
-1
-1
-1
-1
-1
-1
-1
10943
-1
-1
-1
121	123	416	417	418	4644	4643	4645	116	118	122	4642	4646	117
-1
-1
-1
-1
11299
-1
-1
-1
-1
4643	4644
-1
-1
-1
-1
-1
-1
-1
-1
-1
-1
-1
-1
-1
-1
-1
-1
-1
-1
-1
-1
-1
-1
-1
-1
-1
-1
-1
-1
-1
-1
-1
-1
-1
-1
4643	4644
-1
-1
-1
-1
-1
-1
-1
-1
-1
-1
11299
-1
-1
-1
-1
-1
-1
-1
-1
-1
-1
-1
-1
-1
-1
-1
-1
-1
327	325	326
-1
-1
-1
-1
-1
-1
-1
-1
-1
-1
407	416	484
-1
-1
4643	4642
-1
-1
-1
-1
-1
-1
-1
-1
-1
-1
-1
-1
-1
327	326	325
-1
-1
-1
-1
-1
-1
-1
-1
-1
-1
-1
-1
-1
-1
-1
-1
-1
-1
4643	4644	132	121
-1
-1
-1
-1
-1
-1
-1
-1
-1
-1
-1
-1
-1
-1
-1
-1
-1
-1
-1
-1
-1
-1
-1
-1
-1
-1
-1
-1
-1
-1
-1
-1
-1
483	484
-1
-1
-1
-1
407	409	408
-1
-1
-1
-1
-1
-1
-1
-1
-1
-1
-1
-1
-1
-1
-1
-1
-1
-1
-1
-1
-1
-1
-1
-1
11296	11295
7281
11296	11294	11295
-1
325
483	484
-1
-1
-1
-1
-1
-1
-1
-1
-1
-1
-1
-1
-1
-1
-1
-1
-1
-1
-1
-1
-1
-1
-1
-1
-1
-1
4643	4642	121	116
-1
-1
-1
-1
-1
-1
-1
-1
-1
-1
-1
-1
-1
-1
-1
-1
-1
-1
-1
-1
-1
-1
-1
-1
-1
-1
484	483
-1
-1
-1
-1
-1
-1
-1
-1
-1
-1
-1
-1
-1
-1
-1
-1
483	484
-1
484
-1
-1
-1
-1
-1
-1
-1
-1
-1
-1
-1
-1
4643	407
-1
-1
-1
-1
-1
-1
-1
-1
-1
-1
-1
-1
-1
-1
-1
-1
-1
-1
-1
-1
-1
-1
-1
-1
-1
-1
-1
121	123	325	326	327
-1
-1
-1
-1
-1
-1
-1
-1
11296	11295	11294
121
-1
-1
-1
-1
-1
-1
-1
-1
-1
-1
-1
4643
-1
-1
-1
-1
-1
-1
-1
11296	11294	11295
-1
-1
-1
-1
-1
-1
-1
-1
-1
-1
409	416	325	326	327	328	329	121	116	11294	11295	407
-1
483
-1
-1
-1
-1
416
-1
483	484
11296	11295	11294
-1
-1
-1
-1
-1
-1
-1
-1
-1
-1
326
-1
-1
-1
-1
-1
-1
-1
-1
-1
-1
-1
-1
407	408
-1
-1
-1
-1
-1
-1
-1
-1
-1
-1
-1
-1
-1
-1
-1
-1
-1
-1
-1
-1
11296	11295	11294
-1
-1
-1
-1
-1
-1
-1
-1
407	416
17449	17451
-1
-1
-1
4643	407
4643	325	129
-1
-1
-1
-1
-1
-1
-1
-1
-1
-1
-1
-1
-1
-1
-1
12130
4643	4642	121	123
-1
-1
-1
-1
-1
-1
-1
-1
-1
-1
326	327	328	329	121	484	483	407	325
-1
-1
-1
-1
-1
-1
-1
-1
416	417	418
-1
-1
-1
-1
-1
-1
-1
168	169
-1
550
-1
-1
-1
-1
-1
-1
-1
-1
-1
483	484
-1
-1
-1
-1
-1
-1
-1
-1
-1
-1
-1
-1
-1
-1
11675
-1
327	325	326	328	329
-1
-1
-1
-1
-1
-1
-1
-1
416	407
-1
-1
-1
-1
-1
-1
4643
-1
-1
-1
-1
-1
-1
-1
407
-1
-1
327	325	326
-1
-1
-1
-1
-1
-1
-1
-1
-1
-1
-1
325	328	329	326	327
407	416
-1
-1
-1
-1
-1
-1
-1
4643	4642	121	116	407	408
-1
-1
-1
-1
-1
-1
-1
-1
-1
-1
-1
-1
-1
-1
-1
-1
-1
-1
-1
-1
-1
-1
-1
-1
-1
-1
-1
-1
484
-1
-1
-1
484
-1
-1
-1
-1
-1
-1
-1
-1
-1
-1
-1
-1
-1
-1
-1
-1
-1
-1
-1
-1
11296	11294	11295
-1
-1
4643
416	417	418
-1
-1
-1
-1
-1
-1
-1
-1
-1
117	118
-1
11296
-1
-1
-1
-1
-1
-1
-1
-1
-1
-1
-1
-1
-1
-1
-1
-1
-1
-1
-1
-1
-1
-1
-1
-1
550
-1
-1
-1
-1
-1
-1
6808	6811	6814	6815
-1
-1
-1
-1
-1
-1
-1
-1
-1
-1
-1
3258
-1
-1
-1
-1
-1
-1
168	169
-1
-1
-1
325	326	327	328	329	407
-1
-1
-1
-1
-1
-1
-1
-1
-1
-1
-1
-1
-1
-1
-1
-1
-1
-1
-1
-1
-1
-1
-1
-1
-1
-1
-1
-1
-1
484
-1
-1
-1
-1
-1
7281	7282	7283
-1
-1
-1
-1
-1
-1
-1
-1
-1
-1
129	122	123	121
-1
-1
121	123	116	408	416	407
-1
119	123	131	132	407	408	416	417	4643	418	325	326	327	328	329	121	4642	4646	4644	4645	116	117	118
-1
-1
-1
-1
-1
-1
7281
132	4642	4646	4644	4645	407	408	409	416	121	417	418	325	326	327	328	329	4643	116	117	118	119	123	131
-1
-1
-1
-1
-1
-1
-1
-1
-1
-1
-1
-1
-1
-1
-1
-1
-1
-1
-1
-1
-1
325	327	326
-1
-1
-1
-1
-1
-1
-1
-1
-1
-1
-1
-1
-1
-1
-1
-1
326	327
-1
-1
-1
-1
-1
-1
-1
-1
-1
-1
-1
-1
-1
325
-1
-1
-1
-1
408
-1
-1
-1
-1
407	408	409	416	417	418	483	484	485
-1
-1
-1
-1
-1
-1
-1
-1
-1
-1
-1
-1
-1
-1
484
-1
-1
-1
-1
-1
-1
-1
-1
-1
-1
11296	11295	11294
-1
-1
-1
-1
-1
-1
-1
6812	6808	6809	6810
-1
-1
-1
-1
-1
483	407	484
-1
-1
-1
-1
118	117	120	116
-1
-1
-1
-1
-1
-1
-1
4839	4840
-1
-1
-1
-1
-1
407	408	409	416	417	418	483	484	485
407
-1
-1
-1
-1
123	416	417	418	116	117	118	4643	4644	121
-1
-1
-1
-1
-1
-1
7281
4642	4646	4643	4644	4645
-1
-1
-1
-1
-1
-1
-1
-1
-1
-1
-1
11299
-1
-1
-1
169	168
-1
-1
-1
4839
-1
-1
-1
-1
-1
-1
-1
-1
-1
408
-1
-1
-1
-1
-1
-1
-1
-1
-1
-1
168	169
-1
-1
-1
11299
-1
-1
483	484
-1
-1
-1
-1
-1
-1
407
-1
-1
-1
-1
483	484
-1
-1
-1
-1
-1
-1
-1
-1
-1
-1
-1
-1
-1
-1
-1
-1
-1
-1
-1
-1
-1
-1
-1
-1
-1
-1
-1
-1
-1
484	483
-1
-1
-1
-1
-1
-1
-1
-1
-1
-1
121	416	123	11295
-1
121
-1
-1
-1
-1
-1
-1
-1
-1
-1
-1
-1
-1
-1
-1
-1
-1
-1
-1
-1
-1
-1
-1
483	484	407
483	484	485
-1
-1
-1
-1
-1
-1
-1
-1
-1
-1
-1
-1
-1
-1
-1
-1
-1
-1
-1
-1
-1
-1
-1
-1
-1
-1
-1
-1
-1
-1
407	408	409
-1
-1
-1
-1
-1
4643	4642	407	408	121
-1
-1
550
-1
-1
-1
-1
-1
-1
-1
11299
-1
-1
325
-1
11989
-1
-1
-1
-1
-1
-1
-1
-1
-1
-1
-1
-1
-1
-1
-1
11296	11294	11295
483
-1
-1
-1
-1
-1
-1
325	326
-1
-1
-1
-1
-1
-1
-1
-1
121	4643
-1
-1
-1
-1
-1
-1
-1
-1
-1
-1
-1
-1
-1
483	484	407	408
-1
-1
-1
-1
-1
-1
-1
