-1
-1
-1
-1
-1
-1
-1
-1
-1
-1
-1
-1
-1
-1
-1
-1
-1
-1
-1
-1
-1
8263	8268
-1
-1
-1
14528
-1
-1
-1
-1
14483
-1
-1
-1
-1
-1
-1
-1
-1
-1
-1
-1
-1
-1
-1
-1
-1
-1
-1
14520
-1
-1
-1
-1
-1
-1
-1
-1
-1
-1
-1
-1
-1
-1
-1
-1
-1
-1
-1
6279	6260	6261	6262	6263	6264	6267	6268	6269
-1
8263	8268
226
-1
-1
-1
-1
-1
-1
-1
-1
-1
-1
-1
-1
-1
-1
-1
-1
-1
-1
-1
-1
-1
-1
-1
-1
-1
-1
-1
-1
-1
-1
-1
-1
-1
1883	1892	1884	1864
-1
-1
-1
-1
-1
-1
-1
-1
-1
-1
-1
-1
-1
-1
14484	14483
-1
-1
-1
-1
-1
-1
-1
-1
-1
-1
-1
-1
-1
-1
-1
-1
-1
-1
-1
-1
-1
-1
14483
-1
-1
-1
-1
1864	1865	1882
-1
-1
-1
-1
-1
6791	6260	6261	6262	6263	6264	305	6784
-1
-1
14483	14485
-1
-1
14528	14532
8263	8268
-1
-1
-1
-1
-1
-1
-1
226
-1
-1
-1
-1
14532	14528
-1
14532	14531	14528
-1
-1
-1
-1
-1
-1
-1
-1
-1
-1
1883
-1
-1
-1
-1
14532
-1
-1
-1
-1
-1
-1
-1
-1
-1
-1
-1
-1
-1
-1
14484	14485	14483
-1
-1
-1
305
-1
6279	6260	14520	6261	6262	6263	6264	6267	6268	6269
-1
-1
-1
-1
-1
-1
-1
-1
-1
-1
-1
-1
-1
-1
-1
2713
8288	6260	8231	10686	10687	10689
-1
-1
-1
-1
-1
6269	6279	6260	6261	6262	6264	6267	6268
-1
-1
-1
14528
-1
-1
-1
-1
-1
-1
-1
-1
-1
-1
-1
-1
-1
10690
-1
-1
-1
-1
-1
-1
-1
-1
-1
-1
-1
-1
-1
-1
-1
-1
-1
-1
-1
8231
-1
-1
-1
-1
14528	14531
-1
-1
-1
-1
-1
-1
-1
-1
-1
-1
-1
-1
-1
-1
-1
-1
-1
-1
14528
-1
-1
-1
-1
-1
-1
-1
-1
-1
-1
-1
124
-1
-1
-1
-1
-1
-1
-1
-1
-1
-1
-1
-1
-1
-1
6784
-1
-1
-1
-1
-1
-1
-1
-1
-1
-1
-1
-1
-1
-1
1887	1888	1889	14520	14522	14524	14526	14528	14531
-1
-1
-1
-1
-1
-1
-1
-1
-1
303
124
-1
-1
-1
-1
-1
-1
-1
-1
-1
-1
8263	8268	8231	8288
-1
-1
-1
-1
-1
-1
6784	6791
-1
-1
-1
-1
-1
-1
-1
-1
-1
303
-1
8231
-1
-1
-1
-1
-1
-1
-1
-1
-1
-1
-1
-1
-1
-1
-1
-1
-1
-1
-1
-1
-1
-1
-1
-1
-1
-1
-1
-1
1883	1891	8263	1864	8270	8268
-1
-1
-1
-1
-1
-1
-1
-1
-1
-1
-1
-1
-1
-1
-1
-1
-1
-1
-1
-1
-1
-1
-1
-1
-1
-1
-1
-1
-1
-1
-1
-1
-1
-1
-1
6260	6783	8237
-1
-1
-1
-1
-1
-1
-1
-1
-1
-1
-1
-1
-1
-1
-1
-1
-1
-1
-1
-1
-1
-1
1864
-1
-1
-1
-1
14485	14483
8263
-1
-1
-1
14484
14483	14485
6784
-1
-1
-1
-1
14528
-1
-1
-1
-1
-1
-1
-1
-1
-1
-1
-1
-1
-1
-1
-1
-1
-1
-1
1889
-1
-1
-1
-1
-1
-1
-1
-1
-1
-1
6260	6783	8237
-1
-1
-1
-1
-1
-1
-1
-1
-1
-1
10693	10690	10689	10691	10692
-1
-1
-1
-1
-1
-1
-1
-1
-1
-1
-1
-1
-1
-1
-1
-1
-1
-1
-1
-1
-1
-1
-1
-1
-1
-1
-1
-1
-1
-1
308
1883	1864	1892	1888	1865	1884	1890
-1
-1
-1
-1
-1
14485
-1
-1
-1
-1
-1
-1
-1
-1
-1
-1
-1
-1
-1
-1
-1
-1
-1
-1
-1
6484	6269
-1
-1
-1
-1
-1
-1
-1
-1
-1
-1
-1
-1
-1
-1
-1
-1
-1
-1
-1
10686
-1
-1
-1
-1
-1
-1
-1
-1
-1
-1
-1
-1
-1
-1
-1
-1
-1
-1
-1
-1
-1
-1
-1
-1
-1
-1
-1
-1
-1
-1
-1
-1
-1
1881	1888	1865	8289
-1
-1
-1
-1
-1
-1
-1
-1
-1
-1
-1
-1
-1
-1
-1
-1
-1
14483	14484	14485
-1
-1
-1
-1
14485	14483	14484
-1
-1
-1
-1
-1
-1
-1
-1
-1
-1
-1
-1
-1
-1
-1
-1
-1
-1
-1
-1
-1
-1
-1
6260	6261	6262	6264
-1
-1
-1
-1
-1
14483	14485	10686	308
-1
-1
-1
-1
-1
-1
-1
-1
-1
-1
8263
-1
6784
-1
-1
-1
-1
8231	6260	6783	8237
-1
-1
-1
-1
-1
-1
-1
-1
-1
-1
8263
-1
226
-1
-1
-1
-1
-1
-1
-1
-1
-1
-1
-1
-1
-1
-1
-1
-1
-1
-1
-1
-1
-1
-1
-1
-1
-1
-1
-1
-1
-1
-1
-1
-1
-1
-1
-1
-1
-1
-1
-1
14528
-1
6260	14520	6790
-1
-1
-1
-1
-1
-1
-1
-1
-1
-1
-1
-1
-1
-1
-1
-1
-1
-1
303
-1
-1
-1
-1
-1
-1
-1
-1
-1
-1
-1
-1
-1
-1
-1
-1
-1
-1
-1
-1
-1
-1
-1
-1
-1
-1
-1
-1
6260
-1
124
-1
-1
-1
-1
-1
6279	6260	6261	6262	6264	6267	6268	6269
-1
-1
-1
6260
-1
-1
-1
-1
-1
-1
-1
-1
-1
-1
-1
-1
1883	1864	1892	1884	1890	1865	1888
-1
-1
-1
-1
-1
-1
-1
-1
-1
-1
-1
-1
14528
-1
-1
-1
-1
-1
-1
-1
-1
-1
-1
-1
-1
-1
-1
6268	6269	14526	14522
-1
-1
-1
-1
-1
-1
-1
-1
-1
-1
-1
-1
-1
-1
-1
-1
-1
-1
-1
-1
-1
-1
-1
-1
-1
-1
-1
-1
-1
-1
-1
-1
-1
-1
-1
-1
-1
-1
-1
-1
-1
-1
6268	6269	14526	14522
-1
6269	6279	6260	6261	6262	6264	6267	6268
-1
-1
-1
-1
-1
-1
-1
-1
-1
14485
-1
-1
-1
-1
-1
-1
-1
-1
-1
-1
-1
-1
-1
-1
-1
-1
-1
-1
-1
-1
-1
-1
-1
-1
-1
-1
-1
-1
-1
-1
-1
-1
-1
-1
-1
-1
-1
-1
-1
6784
-1
-1
226
-1
-1
-1
-1
-1
-1
-1
-1
-1
-1
-1
-1
-1
-1
6260
-1
6260	6267
-1
-1
-1
-1
-1
-1
-1
-1
-1
-1
-1
-1
-1
-1
-1
-1
-1
-1
-1
-1
-1
-1
-1
-1
-1
-1
-1
-1
-1
-1
-1
-1
-1
-1
-1
-1
-1
-1
-1
-1
-1
-1
-1
-1
1883	1864	1892	1884	1890
-1
-1
-1
-1
-1
-1
-1
-1
-1
-1
-1
-1
6260
-1
-1
-1
-1
14484
-1
-1
-1
-1
-1
-1
-1
-1
-1
-1
-1
-1
-1
1887
-1
-1
-1
14483	14485	14484
-1
-1
-1
14532
-1
-1
-1
-1
-1
-1
1882
-1
-1
-1
-1
-1
-1
-1
-1
-1
-1
303	124
-1
-1
1883	1864	1892	1884	1890
-1
-1
-1
-1
-1
-1
-1
-1
-1
-1
-1
-1
-1
-1
-1
-1
-1
-1
-1
-1
-1
-1
-1
-1
-1
-1
-1
8263	1888	1865
-1
-1
-1
-1
-1
-1
-1
-1
-1
-1
-1
-1
-1
14485	14483
-1
-1
14484
-1
-1
-1
14522
303
6784
-1
-1
-1
-1
-1
-1
-1
-1
-1
-1
-1
-1
-1
-1
-1
-1
124
14528
-1
14158
-1
-1
-1
-1
6784
-1
-1
-1
-1
-1
-1
-1
-1
-1
-1
14485
-1
-1
-1
-1
-1
-1
-1
-1
-1
-1
-1
-1
-1
-1
-1
-1
-1
-1
-1
-1
-1
-1
-1
-1
-1
-1
-1
-1
-1
-1
-1
-1
-1
-1
-1
-1
-1
-1
-1
-1
-1
-1
-1
-1
14483	14485
-1
-1
-1
-1
-1
-1
-1
8263
-1
-1
-1
-1
-1
-1
-1
-1
-1
-1
-1
-1
226	227	2713
-1
-1
-1
-1
1883	1884	1886	1890	1887	1888	1889
-1
14485	14483
-1
-1
-1
-1
-1
-1
-1
-1
-1
-1
-1
-1
-1
-1
-1
14520
-1
-1
-1
-1
-1
-1
-1
-1
6785
-1
-1
-1
-1
-1
-1
-1
-1
-1
-1
-1
-1
-1
-1
-1
-1
-1
-1
-1
-1
-1
-1
-1
-1
-1
-1
6261	6263	6264	6262
-1
-1
-1
-1
-1
6269	6279	6260	6261	6262	6264	6267	6268
303	124
-1
-1
-1
-1
-1
-1
14483
-1
-1
-1
-1
-1
-1
-1
-1
-1
-1
-1
-1
-1
-1
-1
6784
-1
-1
-1
-1
-1
-1
-1
-1
-1
-1
-1
-1
-1
-1
14532
-1
-1
-1
-1
-1
-1
-1
-1
-1
-1
-1
-1
6791	6783	6260	6261	6262	6263	6264	305	6784
-1
-1
-1
-1
-1
-1
-1
-1
14483	14484
-1
-1
-1
1887
-1
-1
-1
-1
6260	6261	6262	6264
-1
-1
-1
-1
-1
-1
-1
-1
-1
-1
-1
14538	14539	14541	14540
-1
-1
-1
-1
-1
-1
-1
-1
-1
-1
-1
-1
-1
6279	6260	6261	6262	6263	6264	6267	6269	6268
-1
-1
-1
-1
-1
-1
-1
-1
-1
14483	14485	6260
-1
-1
-1
-1
-1
14528
-1
-1
-1
-1
-1
-1
-1
-1
-1
-1
-1
-1
-1
-1
-1
-1
-1
-1
-1
-1
-1
-1
14485	14484	14483
-1
1883	1864	1892	1884	1890	1888	1865
-1
-1
-1
-1
-1
-1
-1
-1
14484	14483	14485	14484	14483	14485
-1
-1
-1
-1
-1
-1
-1
-1
-1
-1
-1
-1
-1
-1
-1
-1
-1
-1
-1
-1
-1
-1
-1
-1
-1
-1
-1
-1
-1
-1
-1
-1
14483	14485
-1
-1
-1
-1
-1
1883	1864	1892	1884	1890	1882
-1
-1
-1
-1
-1
-1
-1
-1
-1
-1
-1
14528
-1
-1
-1
-1
-1
-1
-1
-1
-1
6784
-1
-1
-1
-1
-1
-1
-1
-1
-1
-1
-1
-1
-1
6784
-1
-1
-1
-1
-1
-1
-1
-1
-1
-1
-1
-1
-1
-1
-1
-1
-1
-1
-1
-1
-1
-1
-1
124
-1
-1
-1
-1
-1
-1
-1
-1
-1
-1
-1
-1
-1
-1
-1
-1
-1
-1
-1
-1
-1
-1
-1
-1
8288
14528	8270	8263
-1
-1
-1
-1
-1
14485
-1
10686	10689	10690	124	308
-1
-1
-1
-1
14485	14483	14484
-1
-1
14528	8263
-1
-1
-1
-1
-1
-1
-1
-1
-1
-1
-1
-1
-1
-1
-1
6791	6260	6261	6262	6263	6264	305	6784
-1
-1
-1
10690	10686	10689
-1
-1
-1
14485	14484	14483
-1
-1
-1
-1
-1
-1
14483
-1
-1
-1
-1
-1
-1
-1
-1
-1
-1
-1
-1
-1
-1
-1
14483
-1
-1
-1
-1
-1
-1
14532
-1
-1
-1
-1
-1
-1
-1
-1
-1
-1
14485	14484
-1
-1
10693
-1
-1
-1
-1
1881
-1
-1
6260	6783	8237
-1
-1
-1
-1
14483
-1
-1
-1
-1
-1
-1
-1
-1
-1
-1
8231
-1
-1
-1
226
-1
-1
6279	6260	6261	6262	6263	6264	6267	6268	6269
-1
-1
-1
-1
-1
-1
-1
-1
-1
-1
-1
6784
6791	6260	6261	6262	6263	6264	305	6784
-1
-1
-1
-1
-1
-1
-1
-1
-1
-1
-1
124
-1
-1
-1
-1
-1
-1
-1
-1
-1
-1
-1
-1
-1
-1
-1
-1
14483	14485
-1
-1
-1
14483
-1
-1
-1
-1
-1
6279	6260	6483	6484
-1
-1
-1
-1
-1
-1
-1
-1
-1
-1
-1
-1
-1
-1
-1
-1
-1
-1
-1
-1
-1
-1
8263
303
-1
-1
-1
-1
-1
-1
-1
-1
-1
-1
-1
-1
-1
-1
-1
-1
-1
-1
-1
-1
-1
-1
-1
14532	10686	124	14484	303
-1
-1
-1
-1
-1
-1
-1
-1
-1
-1
-1
-1
14485
-1
-1
-1
-1
-1
-1
-1
-1
-1
-1
-1
6784
-1
-1
-1
-1
6279	6260	6261	6262	6263	6264	6267	6268	6269
14528
-1
-1
-1
-1
-1
-1
-1
-1
14485
-1
-1
-1
-1
-1
-1
-1
-1
-1
2713
-1
-1
-1
-1
-1
-1
-1
-1
-1
-1
-1
-1
-1
-1
-1
-1
14532
-1
6791	6260	6261	6262	6263	6264	305	6784
-1
-1
-1
-1
-1
-1
-1
-1
-1
6784
-1
-1
-1
-1
6279	6260	6261	6262	6263	6264	6267	6268	6269
-1
-1
-1
-1
-1
-1
-1
-1
-1
-1
-1
-1
-1
-1
-1
-1
-1
-1
-1
-1
-1
-1
-1
-1
303
-1
-1
-1
-1
-1
-1
6791	6260	6261	6262	6263	6264	305	6784
-1
-1
-1
-1
-1
-1
-1
6791	6260	6261	6262	6263	6264	305	6784
-1
-1
-1
-1
-1
-1
-1
-1
-1
14528
-1
-1
-1
-1
-1
-1
-1
-1
-1
-1
-1
-1
-1
-1
-1
-1
-1
-1
-1
-1
-1
-1
-1
-1
-1
-1
-1
-1
-1
-1
-1
-1
-1
-1
-1
-1
-1
-1
-1
-1
-1
-1
-1
-1
-1
-1
-1
-1
-1
-1
-1
-1
-1
-1
-1
-1
-1
-1
-1
-1
-1
-1
-1
-1
6260
-1
-1
-1
-1
-1
-1
-1
-1
-1
-1
-1
-1
-1
-1
-1
-1
-1
-1
-1
-1
-1
-1
-1
-1
-1
-1
-1
-1
-1
-1
-1
-1
-1
-1
10686
-1
-1
-1
-1
-1
-1
-1
-1
-1
-1
-1
-1
-1
-1
-1
-1
-1
-1
-1
-1
-1
-1
-1
-1
-1
-1
-1
-1
-1
8263
-1
-1
-1
-1
-1
-1
-1
-1
-1
-1
-1
-1
-1
-1
-1
-1
-1
-1
-1
-1
-1
-1
-1
-1
-1
-1
-1
-1
-1
-1
-1
-1
-1
-1
-1
-1
-1
-1
-1
-1
-1
-1
-1
-1
-1
-1
-1
-1
-1
-1
6279	6260	6261	6262	6263	6264	6267	6268	6269
-1
-1
-1
-1
-1
-1
-1
6791	6260	6261	6262	6263	6264	305	6784
-1
-1
-1
-1
-1
14483	14485
-1
-1
-1
-1
-1
-1
-1
-1
-1
14528	14520
-1
-1
-1
-1
-1
-1
-1
-1
-1
-1
-1
-1
-1
-1
1883	1884	1886	1890	1891	1892	1893	1894
-1
-1
-1
-1
-1
-1
-1
6267
-1
-1
-1
-1
-1
-1
-1
-1
-1
-1
-1
-1
-1
-1
-1
-1
14532
-1
-1
-1
-1
-1
-1
-1
-1
6784
6784
-1
-1
-1
124
-1
-1
-1
-1
-1
-1
-1
-1
-1
-1
-1
-1
-1
-1
-1
-1
-1
-1
-1
-1
-1
-1
-1
-1
-1
-1
-1
-1
-1
-1
-1
-1
-1
-1
-1
-1
-1
-1
-1
-1
-1
-1
-1
-1
-1
-1
-1
-1
-1
-1
-1
-1
-1
-1
-1
-1
6260	10686	6483
-1
-1
-1
-1
-1
-1
-1
-1
-1
14541	14538	14539	14540
-1
-1
-1
-1
-1
-1
-1
-1
-1
-1
-1
-1
-1
-1
-1
-1
-1
-1
-1
-1
-1
-1
-1
-1
-1
-1
-1
-1
14483	14484
-1
227	226
-1
-1
-1
-1
-1
-1
-1
-1
-1
-1
-1
-1
-1
-1
-1
-1
-1
-1
-1
-1
-1
6791
-1
-1
-1
-1
-1
-1
-1
-1
-1
-1
-1
-1
-1
-1
-1
-1
-1
-1
14528
14528
14482
-1
-1
-1
-1
-1
-1
-1
6269	6279	6260	6261	6262	6264	6267	6268
-1
-1
-1
-1
-1
-1
8263
-1
-1
-1
-1
-1
-1
-1
-1
-1
-1
-1
-1
-1
-1
-1
-1
-1
-1
-1
-1
-1
-1
-1
-1
-1
-1
-1
-1
-1
-1
-1
-1
-1
-1
-1
-1
-1
-1
10686	10687	10689	10691	10690	10692	308
-1
-1
-1
-1
8290	8237	14483	14485
-1
-1
-1
-1
-1
-1
-1
-1
8263
-1
14483	14484
-1
-1
-1
-1
-1
14528
-1
-1
-1
303
-1
1883	1864	1892	1884	1890	8237	1888
-1
-1
-1
-1
-1
-1
-1
-1
-1
-1
-1
-1
-1
-1
-1
-1
-1
-1
-1
-1
-1
-1
-1
-1
-1
-1
-1
-1
-1
-1
-1
-1
-1
-1
-1
-1
-1
-1
-1
-1
14484	14485
-1
-1
-1
-1
-1
-1
-1
-1
-1
-1
6269	6279	6260	6261	6262	6264	6267	6268
-1
-1
-1
-1
-1
-1
-1
-1
-1
-1
-1
-1
-1
-1
-1
-1
-1
-1
-1
-1
-1
-1
14483	14485
-1
-1
-1
-1
-1
-1
-1
-1
-1
6791	6260	6261	6262	6263	6264	305	6784
6269
-1
226
-1
-1
-1
14158
-1
-1
-1
-1
-1
-1
14520
-1
-1
-1
-1
-1
-1
-1
-1
-1
-1
-1
10693
-1
-1
-1
-1
-1
-1
-1
-1
-1
-1
-1
-1
-1
-1
-1
-1
-1
-1
-1
-1
-1
-1
-1
-1
-1
10686
-1
1887
-1
6269	6279	6260	6261	6262	6264	6267	6268
-1
-1
-1
14483
-1
-1
-1
-1
-1
-1
-1
-1
-1
-1
-1
-1
-1
-1
-1
-1
-1
303
-1
-1
-1
-1
-1
-1
-1
-1
-1
14532	10686	124	14484
-1
-1
-1
-1
-1
-1
-1
-1
-1
6279	6260	6261	6262	6263	6264	6267	6268	6269
-1
-1
-1
-1
-1
-1
-1
14528	14526
-1
-1
-1
-1
-1
6269	6279	6260	6261	6262	6264	6267	6268
-1
-1
-1
-1
-1
-1
-1
-1
-1
-1
-1
-1
-1
-1
-1
-1
-1
-1
-1
-1
-1
-1
-1
-1
-1
-1
-1
-1
10686
-1
-1
-1
-1
-1
-1
-1
-1
-1
-1
-1
-1
-1
-1
-1
-1
-1
-1
-1
-1
-1
-1
-1
-1
-1
-1
-1
-1
-1
-1
1893	1894	1887	1888	1883	1884	1886	1889	1890	1891	1892
-1
-1
-1
-1
-1
-1
-1
8231
-1
-1
-1
1881
-1
10692	6788	10687	10693	10689	10690	10691	6793	10686	6794	6790	6783	6784	6785	6786	6791	6792
6260
-1
-1
-1
-1
-1
-1
1864	1883	1891	1892	1890
-1
-1
-1
-1
-1
-1
-1
-1
-1
-1
-1
-1
-1
-1
14483
-1
-1
-1
-1
-1
-1
-1
-1
-1
-1
-1
-1
-1
-1
-1
-1
-1
-1
-1
-1
-1
-1
-1
-1
-1
-1
-1
-1
-1
-1
-1
-1
-1
-1
-1
-1
-1
-1
-1
-1
-1
-1
-1
-1
-1
-1
-1
-1
6791	6260	6261	6262	6263	6264	305	6784
14485	14483	14484
2713
124
-1
-1
-1
-1
-1
-1
-1
124
-1
-1
-1
14485	14483
-1
-1
226
-1
-1
-1
-1
-1
-1
-1
-1
-1
-1
-1
-1
6260	6261	6262	6264
-1
-1
-1
-1
-1
6791
-1
-1
-1
-1
-1
-1
-1
-1
-1
-1
-1
-1
303
14532
-1
-1
14528
-1
-1
-1
-1
-1
-1
-1
-1
-1
303
-1
14485
-1
-1
14484
-1
-1
-1
-1
-1
-1
-1
-1
-1
-1
-1
-1
-1
-1
-1
-1
-1
-1
-1
-1
-1
-1
-1
-1
-1
6791	6260	6261	6262	6263	6264	305	6784
-1
-1
-1
6791	6260	6261	6262	6263	6264	305	6784
-1
-1
-1
-1
-1
-1
-1
-1
10686
6279	6260	6261	6262	6263	6264	6267	6268	6269
14483	14484
-1
-1
-1
8263
-1
-1
-1
-1
-1
-1
-1
-1
-1
-1
10691	10687	6486	6484	6483	10689
-1
-1
-1
-1
-1
10692	10693	10687	10686	14483	14532
-1
-1
-1
-1
-1
-1
-1
-1
-1
-1
-1
-1
-1
-1
-1
-1
-1
-1
-1
-1
-1
-1
14483	14485	14484
-1
-1
-1
-1
2713
-1
-1
-1
-1
-1
-1
14483	14484	14485
-1
-1
14485	14483	14484
-1
-1
-1
-1
14526	8290	8291
-1
-1
14484
-1
-1
-1
-1
-1
-1
-1
-1
3082
-1
-1
-1
305	311	303
-1
-1
311	303	305
-1
-1
6784
-1
6260	6783	8237
-1
-1
-1
-1
-1
-1
-1
-1
-1
-1
-1
6279	6260	6261	6262	6263	6264	6267	6268	6269
-1
-1
6784
-1
-1
-1
-1
-1
-1
-1
-1
-1
-1
-1
-1
-1
-1
-1
-1
226
-1
-1
-1
-1
-1
-1
-1
-1
-1
-1
-1
-1
-1
-1
-1
-1
-1
124
-1
14484	14485	14483
6260	6261	6262	6263	6264
-1
-1
6260
-1
6791	6260	6261	6262	6263	6264	305	6784
-1
-1
-1
-1
-1
-1
-1
8289	8253
-1
6279	6260	6261	6262	6264	6267	6269
-1
-1
-1
-1
-1
-1
-1
-1
-1
-1
14485	14483	14484
-1
-1
-1
-1
-1
-1
6279	6260	6261	6262	6263	6264	6267	6268	6269
-1
-1
-1
-1
-1
-1
-1
-1
226
-1
-1
6260	6261	6262
303
-1
-1
-1
6784
-1
-1
303
-1
-1
-1
-1
-1
-1
8263
-1
-1
-1
-1
-1
-1
-1
-1
-1
-1
-1
1887	1888	1889
-1
-1
-1
-1
6279	6260	6261	6262	6263	6264	6267	6268	6269
-1
6791	6260	6261	6262	6263	6264	305	6784
-1
-1
-1
-1
-1
-1
-1
-1
-1
1887	1882	1881	8263	14528	14485	1883	1884	1886	1890	1891	1892	1893	1894	1889
-1
-1
-1
-1
-1
-1
-1
-1
-1
-1
10686
-1
-1
-1
-1
-1
-1
-1
-1
6784	6785
-1
-1
-1
-1
-1
-1
-1
-1
-1
-1
-1
6791	6260	6261	6262	6263	6264	305	6784
-1
-1
-1
-1
-1
-1
-1
226
-1
