-1
-1
-1
2520
-1
3528
12013
-1
-1
2520
1934
-1
-1
-1
6867
17135
-1
-1
5471
436
-1
-1
12161
-1
13071
-1
-1
-1
2520
4576
-1
-1
-1
-1
300
-1
-1
2520
-1
10839	12161	12162
-1
4610
-1
-1
-1
-1
-1
-1
-1
-1
2817
2520
17517
2520
-1
-1
-1
-1
-1
16657
8318
-1
-1
1934
2520
-1
16229
-1
16229
-1
16229
-1
-1
9785
12014
-1
-1
16229
-1
274
12001
-1
712
9785
5981
-1
10838
2520
9751
12162
-1
2520
-1
-1
-1
4360
797
-1
-1
-1
-1
5471
-1
-1
-1
4765
-1
-1
-1
-1
11214
2520
7187
4610
-1
-1
-1
4765
9441
-1
-1
-1
16656
4346
-1
1934
2520
16229
-1
-1
5471
5471
3734
7996	7997
2520
-1
2520
-1
16922
12011
8973
1333	15652	12184	15654	15653	17121
-1
-1
-1
-1
2115
-1
-1
-1
-1
8973
-1
-1
-1
-1
13071
-1
-1
-1
-1
-1
-1
13071
-1
-1
-1
300	2817
-1
-1
-1
-1
-1
-1
1934
-1
-1
4888
4765
-1
2520
4610
-1
17412
1934	1936
12001
-1
-1
12010
2520
-1
-1
4360
-1
1934
-1
1934
4765
17135	4765
-1
8949
-1
-1
9921
-1
-1
-1
-1
857	858
-1
-1
-1
-1
-1
-1
-1
13421
-1
4601
1934	1936	1942	1930
-1
9666
2817
263
1200
-1
12162	12161
1934
12511
16229
9666	8318	8426	13620	5615	17318	7187	4356	4180
1302	1215
300
4765
16229
847
-1
-1
460
4179	15657	7352
12511
-1
-1
-1
-1
-1
-1
-1
4360
-1
2523	2518	2520	2520
-1
641	641
-1
-1
-1
9785
-1
857
-1
-1
7187
1934
-1
7030
-1
16229
-1
-1
301
-1
-1
4360
16229	5471
3493
-1
-1
300
-1
-1
-1
301
8973
13071
12623	2520
641
17135
-1
13421
8973
-1
-1
-1
-1
-1
17412
7996
-1
-1
-1
13071
2817
1934
-1
16657
-1
12162	9020
2520
8973
7187
13065
-1
-1
-1
12596
-1
-1
-1
-1
-1
-1
12161
-1
-1
-1
12623
-1
2520
2520
-1
9785
-1
2520
-1
-1
-1
-1
-1
2520
5471
12591
1934	1936	1942	1930	858	857
4600
-1
858
10523
-1
-1
13421
858
-1
-1
-1
-1
712
-1
17815
2520
-1
-1
6182
-1
16229
-1
-1
-1
-1
-1
10838	6867
17402
-1
-1
9674
-1
6867
9785
-1
13421
2520
-1
-1
16657
1934	1936	1942	1930	1200
-1
5471
5981
1934
2520
5471
2520
797
641
-1
16229
-1
-1
-1
-1
-1
2520
16229
-1
-1
16229
17135	4765
-1
12014
-1
16229
5472
12741
-1
-1
13071
2520
-1
-1
-1
16656
-1
9785
4765
4610
-1
-1
-1
-1
-1
1934
16229
2520
13071
4765
13065
9785
-1
12013	12011	12013	12011	12011	12013
300	2817
6099	263	5076	8823	17903	8426	12159
2520
9020	3511	3497	12161	12162	3498
-1
-1
2520
9785
1934
301	300
1215	1302
-1
-1
12633
-1
-1
-1
-1
9774
13065
1934
12014
4610
-1
13071
-1
-1
8823
-1
2520
-1
-1
9674
-1
-1
4393
-1
3492
6867
-1
12001
-1
-1
4563
-1
-1
-1
11724
12014
-1
-1
-1
-1
4610
9781
-1
12623
-1
6867
5981
-1
16229
-1
-1
-1
-1
-1
-1
-1
-1
-1
16229
-1
-1
2520
9785
17412
1934
641
9715	9264
1215	1302
-1
9674
-1
16229
2520
-1
17412
4191
-1
1586
-1
-1
858
-1
-1
12596
-1
-1
300
-1
-1
1934
-1
2520
-1
6182	6182	6182
-1
-1
-1
-1
2520
9785
-1
300	12421	2817	12420
637
-1
-1
12161
-1
3164
4765
-1
-1
9785
12623
2520
-1
-1
-1
-1
-1
-1
4888	5108
-1
-1
17135
8973
8843	1682
-1
9774
641
300
-1
-1
-1
-1
4346
-1
-1
-1
4610
12184
-1
-1
12184	17121
-1
-1
-1
-1
-1
7187
2520
13060
4888
-1
16229
2520
-1
-1
-1
16657
-1
12328
11233
-1
1586
641	6847	7030	3515	9585	3479	8843	9441	4349	8844	7031	9584	7187	460	4346	6131	4376	7737	580	4360	7736	637	9856	625	616	633	619	617	626	631	1586	11698	4356	279	4765	465	10839	4362
7650	9774
-1
-1
16229
1934
-1
-1
-1
5861
2115
-1
-1
-1
16657
1934
-1
12010	12011	12012	12013	16681
13065
2520
-1
9785
-1
-1
12328
-1
1200
-1
2817
2520
-1
-1
-1
9781
-1
3511	3501	3512
263	5861
-1
2520
-1
5087
16229
17412
3391
-1
13064
-1
4888
-1
-1
-1
2520
-1
17412
12162
8843	8844
-1
2520
-1
-1
-1
-1
12511
-1
5087
7187
1934
300
-1
-1
-1
4360
-1
-1
-1
2520
1682
-1
4610
-1
13421
9785
-1
9785
-1
-1
16229
-1
2520
-1
16657
13065
-1
-1
2520
-1
12511
1215	1302
-1
1934
-1
-1
-1
12162
301
-1
4610
-1
-1
436
-1
-1
-1
-1
-1
8318
-1
11686
4360
-1
-1
15727
712
15120
-1
-1
9781
9785
15727
-1
-1
16229	17412
16229
-1
12161	12162
-1
637	4563
2817
-1
-1
-1
13071
16707
16229
712
12112
16229
5560
1934
712
-1
-1
1934	1936
5471
17121	12184
-1
-1
-1
-1
-1
9785
-1
-1
-1
2817
-1
16229
17412
-1
4360
-1
-1
13620	1586
-1
436
2520
-1
4610
2520
-1
4765
-1
5921	5922
-1
15649
12013
-1
-1
-1
-1
5615
5812
13421
-1
549	15352	6150	635
13065
15649
-1
-1
-1
-1
5861
-1
-1
4346
4360
-1
-1
-1
-1
2520
-1
-1
-1
-1
6847
-1
4765
858
-1
-1
3480
-1
2520
2520
-1
16229	5560
10101	9665	1546
-1
7794
-1
-1
16229	17412
5471
-1
1934
1934
-1
-1
8823
-1
641
2520
-1
16229
-1
4610
-1
301
-1
-1
-1
1934
-1
-1
-1
16657
4620
16229
4191
4610
9921
16657
-1
7737
-1
12013
-1
-1
-1
-1
-1
13421
-1
-1
5921
2520
-1
-1
3482
949
-1
-1
7609
17412
1682
1934
10839
-1
-1
1711
-1
6847
3391
-1
-1
-1
-1
-1
-1
641
9785
12001	436	12014	12010
-1
-1
16657
-1
12001
-1
301
16229
16229
9441
-1
-1
-1
6847
-1
12011	12014	12010
13065
17121
-1
2524
-1
-1
-1
-1
-1
-1
-1
-1
300
-1
-1
-1
16229
-1
9781
-1
-1
-1
-1
-1
-1
-1
-1
12184
300
-1
-1
11714
-1
-1
-1
2523	2518	2520
-1
-1
17135
-1
-1
580
13065
-1
-1
-1
11724
-1
-1
-1
2520
-1
-1
2520
16229
-1
12511
-1
15659	294	1482	1483	15659
16257
-1
16657
-1
-1
9921
1934
-1
436
4888
-1
-1
7034	13447
-1
-1
9751
9785
17412
12010	12011
-1
-1
-1
5981
-1
-1
-1
5861
4601
6150	294
-1
4610
-1
-1
-1
-1
-1
-1
8973
2706
9020	12597	12596
10411	1586	13620	4620	13071
17135
-1
-1
-1
8823
7297
-1
-1
-1
-1
2520
-1
-1
-1
-1
-1
-1
-1
-1
8823
12184
2520
3480
-1
637
2520
-1
-1
2520
17412
857	858
16229
-1
-1
-1
858
13065
2817
-1
12511
9785	9774
-1
16229	5471
9751
2817
5472
-1
12511
16657
300
12511
1483
-1
-1
8823
-1
-1
2520
16229
-1
-1
5981
2520
-1
13421
-1
-1
-1
6150
3391
-1
3528
5038
9785
-1
-1
-1
1200
-1
13071
-1
-1
10839	17135
-1
14395
-1
-1
16229	9751
-1
2115
-1
-1
2115
12184
-1
-1
2520
-1
10838
2520
-1
-1
-1
-1
-1
2817
-1
8426	13447	10945	3734	12158	4226	263	12159
-1
-1
1934
-1
-1
-1
2520
300
13065	13064
16229
16658
301
-1
16229
4765
-1
-1
-1
16229	11724
-1
-1
9781
-1
-1
-1
-1
-1
16229	17412
13065
-1
-1
2525	13065	2520	2523	2527	2518	2524	4888	2520	2522	2526
5921	5922	5981
-1
857	300
10838
9785
-1
2520
9785
-1
12633
-1
-1
641
7736	137	5038
-1
12112
1934
16656
-1
196	1174
-1
-1
641
9781
12161
-1
-1
16229
9751
-1
-1
17135
2706
15727
436
1934
2520
4360
9785
-1
300
-1
12511
300	2817
8823
1934
13065
-1
-1
17318
12511
-1
-1
-1
17135
-1
-1
12162	12161	9020	7650	12106
-1
-1
-1
-1
300
-1
-1
436
319
-1
-1
-1
9785
641
-1
-1
-1
-1
-1
-1
12328
2520
2520
-1
5472
-1
5560
12161
12161	12162
-1
-1
-1
5981
-1
1934
-1
-1
3480
300
-1
-1
-1
7743
300
-1
-1
-1
1934
-1
4610
858
-1
-1
-1
2024
-1
3493
12162	12161
-1
-1
16657
278
12591
-1
-1
-1
-1
-1
-1
-1
13065
-1
300
4610
16925
-1
300
-1
-1
300
-1
9751
2520
-1
-1
-1
2817
10839	12106
-1
-1
300
12162	12161
-1
-1
-1
1934
2520
6847
-1
-1
-1
-1
1934
9785
-1
16657	5616
1934
-1
-1
-1
-1
-1
13065
-1
-1
5861
-1
3480
-1
-1
-1
-1
-1
-1
-1
-1
300
-1
12162	12161
-1
-1
4957
-1
-1
12511
712
-1
-1
-1
11724
-1
16657	16656
13071
-1
12741
-1
-1
-1
13065
12777
9666
-1
5560
-1
-1
6867
-1
17412
17517
-1
-1
11724
-1
-1
9781
-1
-1
9674
4610
-1
-1
-1
1934
-1
16229
-1
394	5861
-1
12007
-1
12161
-1
-1
-1
1934
5127
-1
-1
14395
-1
-1
-1
-1
-1
-1
12511
436
16922
-1
-1
-1
-1
5861
-1
9921
-1
9781
2523	2518	2520	2520
-1
-1
-1
13065
-1
5471
9785
12328
-1
8973
-1
16229
13065	712	12161	13064	12161	2817	12611	6755	7609	4610	12161	2817
-1
-1
5981
13065
-1
263	8426
1934
1200
-1
9781
-1
-1
-1
-1
-1
17318
858
-1
-1
-1
-1
-1
2520
-1
13065
-1
16657
4601
-1
-1
2520
10286
-1
-1
-1
-1
-1
5087
4765
-1
-1
12023	12014
8823
-1
-1
-1
16229
-1
-1
16229
712
-1
-1
2520
-1
712
-1
1934
-1
12013
2520
-1
17121
5471
-1
300	4362	2817	3164	6867	4360
-1
4191
16925
-1
5922	5921
16229
1934
10523
13064
-1
-1
-1
1934	1936
4765
300
4610
-1
-1
13064
-1
-1
-1
-1
-1
-1
2817
17517
-1
-1
-1
6150	13060	549
857	858
12162	12161
-1
5861
12014
-1
-1
263
5087
4610
-1
300
300	2817
712
4765
-1
-1
1934	1936
16229
2520
2520
-1
-1
-1
1200	1934	1936
-1
857	279	10838	6847	10839	17815	4620	275	10411	858	6288	278
-1
-1
-1
5471
-1
12011	12013
-1
858	857
300	2817
-1
12013	12011
-1
-1
-1
-1
17517
9781
-1
1934
2520
-1
641
12161	12162
858
-1
12161
6055
-1
4620
7187	1897
5921	5922
-1
-1
-1
-1
580
1934
-1
-1
436
5560
-1
-1
-1
1482
1934
-1
-1
-1
-1
-1
-1
-1
7297
16922	15442	17412
-1
-1
-1
12106
16229
-1
-1
-1
-1
-1
9666	3391
-1
-1
9785
-1
-1
-1
17517	17518	5891	12159	8426
436
9785
-1
9785	9774
11698	15649	11698	12779	11686	12634	12633
-1
-1
-1
-1
-1
2115
10909
-1
-1
17412
2520
-1
-1
-1
-1
1215	1302
-1
641
-1
9774	7794
-1
2024
-1
-1
-1
2520
13653	4600	4180
-1
-1
1586
301
1934	1200
-1
-1
-1
-1
-1
9781
-1
-1
1730
-1
-1
16229
1934
-1
12623
-1
8973
-1
-1
-1
-1
2520
16229
-1
-1
-1
16229	5471	5584
-1
12611
16925
9785
-1
13071
-1
-1
5921	5922
-1
300
5560
300
-1
13421
712
-1
858
-1
16229
-1
-1
2520
4356
2520
-1
16229
16229
12161	12162
-1
-1
-1
4610
-1
5616
2520
-1
-1
12161
5811
-1
-1
11879	1636	9537	274	9536	13060	11878	273
-1
9019
7736	7737
641
12159	17516	8426	17517	17518	5891	3734	12158
6867
8973
4360
5471
-1
9781
-1
-1
-1
-1
-1
13065
-1
-1
-1
-1
5981
-1
17412
7297
3497
6867
11724
-1
-1
5812	5811
4610
-1
12162	12161
16922
-1
-1
-1
5921	5922	5981
16229
9020
10523	8973
10696	1682
7737
12010	12011	12013
-1
16229
-1
-1
-1
10839
6867
-1
-1
2520
4356
-1
-1
9785
9781
13421
-1
9715
-1
9674	9921
3734
-1
-1
5471
5981
-1
-1
-1
5472
9020	12162	12161	7650	16213
12184
-1
-1
-1
17135
2520
-1
5471
-1
16229
8823
9783	7609	8823	5076	9781	16658
13065
-1
-1
5472
10839
2520
9715	712	9264
-1
-1
-1
-1
17517
10523
-1
17517
-1
-1
5471
-1
-1
4610
-1
-1
-1
3164
-1
949
1934
-1
858	857
2817
-1
4610
-1
-1
-1
12011	12014	12010	138
-1
17815
6182
-1
-1
-1
-1
16922
-1
9774
16229
-1
4765
-1
4765
-1
1200
-1
2520
17412
-1
-1
12001
4620
460
12511
9774
-1
-1
-1
12013
9785
1483
-1
-1
-1
-1
16229
-1
-1
-1
4765
12161
-1
13065
-1
-1
12013
-1
-1
-1
278
-1
616	617
-1
-1
641
-1
-1
-1
-1
-1
-1
-1
-1
9921
-1
-1
-1
1934
-1
-1
13065
-1
2522	9774	2520
-1
-1
-1
5861
1934
-1
-1
-1
1934
2520
-1
-1
-1
-1
-1
-1
4346
-1
9665	10135	10101
300
12010	12011	12013	12012
6847
4610
8949
16229
13064
12161	12162
6867
17412
4610
-1
12162	12161
5471
13071
9674
-1
-1
-1
13065
2520
13421
18091	8823	7972	3748	2520	12328
-1
-1
-1
-1
-1
436
-1
9785
8424	10023	12634	7187	616
12328
12162	12161
-1
-1
-1
-1
-1
9785
3479
13065
1934
17135
4180
-1
-1
-1
-1
-1
-1
-1
-1
17412
6150
13065
-1
12162	12161
12328
-1
-1
-1
-1
15649
9674
301
-1
6847
-1
-1
1546
3497
9785
-1
12162	12161
7996
-1
-1
7034	12328
-1
4210
-1
-1
631
1934
-1
-1
-1
-1
9785
-1
16229
-1
-1
16657	16658
13065
857
16229
5087
-1
9020	12161
10839
-1
16922
-1
12511
-1
-1
-1
-1
5472
-1
-1
13071
17412
-1
-1
4610
-1
-1
-1
641
-1
8843	1682
797
-1
11724
1934
16681
-1
12445	16681	16681
12162	12161	11714
-1
-1
-1
4610
-1
-1
-1
15120
-1
-1
9665
-1
-1
12162
16229
-1
12161	12162	580
-1
-1
2817
16229
-1
-1
-1
2520
-1
-1
-1
-1
-1
4360
5811
-1
-1
13653	17135	8318
1934
-1
-1
-1
-1
-1
13653
-1
-1
8844
641	4346	4360	4210	580	4765	10411	1586	13092	7187	9584
-1
16229
-1
274
-1
13065
9921
16229
2520
-1
12162	12161
4610
300
-1
12161	12162
-1
11214
-1
-1
-1
-1
-1
-1
10838
-1
4610
-1
-1
-1
-1
5921	5922
9441
-1
-1
12010	12013
436
-1
-1
-1
-1
10838
5471
1934
-1
-1
12611
16229
7187
-1
12161
-1
2520
2520
-1
4765
16925
1897	11233
-1
712
12162
-1
12161	12162	11724
-1
5615
13655
5087
2520
12633
-1
-1
-1
5471
-1
-1
-1
-1
12161
-1
-1
-1
641
-1
1934	1936
12161	12162	9020
-1
2520
12161
8973
-1
4346
460
274
2520
-1
-1
-1
-1
1934
1934
-1
-1
1934
12161
11724
-1
-1
-1
-1
-1
-1
4610
9785
17517
13065
858	857	3391
-1
-1
5471
13065	7737
-1
3391
12011
3493
7297
17517
-1
8823
-1
-1
-1
-1
393	361	137	391	394	319	263	445	357	663	187
-1
-1
2520
13421
13064
13065
16229
5471
-1
17412
-1
-1
13065
7743
13071
-1
-1
-1
-1
-1
7996	7997
-1
16229
-1
5861
-1
9774	9781
6847
16657
-1
4360
7031	279
-1
-1
-1
1934	1936
8973
-1
16229
16229
-1
-1
-1
-1
301
15352
-1
-1
7089
-1
-1
-1
-1
-1
-1
12328
-1
-1
-1
-1
-1
-1
-1
-1
-1
-1
12011	17135
-1
12009
-1
-1
858
436
5861
-1
-1
7736	7737
-1
-1
-1
12161	12162
1934
-1
-1
-1
-1
-1
-1
12445
11879	1482
-1
-1
16657
-1
2520
-1
-1
4610
-1
-1
5471
10945
-1
-1
-1
4376
4620
-1
-1
9785
-1
-1
-1
-1
12162	12161
16657
-1
-1
-1
17135
-1
2115
-1
-1
-1
-1
11686	12447	1174
4765
-1
-1
-1
-1
1730
1934
-1
-1
9441
-1
-1
1483
13421
-1
12511
12328
16229
-1
11214
1934	1936
-1
10544
-1
2520
263
16229
-1
13065
-1
-1
-1
1934
6748	6745	6748	6751	6847	6867	6745	6746	5177
7031
-1
-1
-1
857	858
-1
16229
3147
-1
-1
-1
-1
-1
8973
16229
-1
17412
-1
13065
16229
-1
-1
-1
-1
12591
13065
-1
-1
-1
13065
5127
-1
436
-1
7736	7737
-1
1934
3528
1165
637
2024
2520
7996
-1
12010	12011	12012	12013
15352
11714
-1
-1
-1
-1
-1
17412
-1
2115
12011
-1
-1
16922
-1
-1
6847
-1
1934
15352
13065
857
-1
-1
-1
9785
-1
-1
-1
-1
12162	12161
5861
6182
-1
17545
8973
9785
-1
2520
-1
-1
-1
3480
5812	12162
13064
4191
-1
16657
-1
12161	12162	580
1934
-1
-1
1934
-1
-1
-1
-1
-1
-1
263
300
13421
300
300
15352	4191	13065
-1
-1
-1
-1
-1
858
2520
641
9020
2520
-1
16229
-1
-1
-1
-1
-1
1934
-1
-1
-1
-1
12511
-1
857
-1
2520	2523	2518	2520	9774
1934
-1
-1
10696
-1
13071
12162	12161
16657	16658
-1
-1
-1
-1
16229	17412
-1
17517
17412
-1
436
3493
857	858
1200
2817
-1
-1
1934
-1
-1
-1
10839
9774
-1
301
-1
-1
12162
10839	10838	17543	17545	16229	5560	5584	5471	12777
9781
436
16229
4957
-1
12161
-1
-1
-1
858
1934	1936
-1
-1
13065	641
-1
-1
-1
3164
-1
-1
-1
-1
2520
17412
3391
-1
-1
5560
-1
301
12014	12009	12013	12023	12007
-1
13064
2520
-1
17815
4610
-1
12162	12161
-1
16229
-1
-1
-1
-1
-1
-1
-1
12623
-1
16229
-1
12161
-1
1934	1936
5127
12010	12011	12012	12013
-1
-1
12328
1483	196	15649	1333	17543	1482	6150	178	635	4356
-1
300
1934
-1
-1
357	187	445	361	12011	13064	12013
2520
-1
-1
-1
-1
-1
-1
-1
17543
2520
2520
13064
12011
-1
16229
-1
-1
4610
13421
2520
-1
1934
-1
-1
12161	9020
-1
196
2520
2523	2518	2520	2520
-1
-1
1934
-1
1934
2520
17412
-1
8424
12162	12161
4360
-1
17517
-1
-1
16656
1934
-1
9785
5861
9785
12511	13653	13655	4600
-1
-1
5560
16656
-1
-1
-1
-1
-1
-1
-1
13065
-1
1934
-1
-1
-1
-1
4765
-1
4191
10523
5472
4346
-1
-1
1200
17318
4610
-1
17121	1333
12011	12001
-1
-1
12011
2520
2520
16229
-1
-1
2817	300
-1
-1
4620
-1
-1
13065
-1
13065
-1
5472
-1
16229
1934
-1
8973
-1
17517
12106	1897	11233	3567	3564	17815
16229
300
4610
11724
-1
-1
-1
-1
-1
-1
-1
-1
857	858	6150	635
16229	5471
1934
4349
-1
-1
-1
-1
-1
-1
263
-1
-1
-1
13421
-1
-1
12184
-1
4610
-1
16229
-1
2817
-1
3498
300
5471
5087
9785
8973
4888
-1
-1
-1
-1
-1
-1
-1
-1
13065
-1
-1
-1
-1
641
-1
-1
-1
16229
-1
-1
-1
858	857	12106
300	2817
9785	8973
-1
-1
12162	12161
-1
2520
-1
-1
-1
-1
9774
-1
-1
549	15352
-1
-1
617	616	4369	13381
-1
-1
-1
-1
12184
-1
13421
-1
2524
5921	5922
-1
2520
12162	12161
12511
-1
275
11724
-1
-1
15662
2523
-1
-1
858
300
-1
16229
17815
4610
5471
13064	13065
9785
2520
9751
12010
-1
-1
-1
580
-1
-1
12001
178	6150	1333	13064	549	4179	15352	1482	1483	196	13063	13065	13063	11214	13063	635	15352	15352	11214	4191
4610
-1
12162	12161	9020	11724
10523
14395
-1
7187
858
-1
10838
301
-1
2520
-1
-1
17412
12011	12010	12012	12013
-1
-1
9785
13071	858
2817	300
4610
-1
-1
4610
1215	1302
-1
-1
949	274
-1
-1
13065
13065
-1
-1
2520
858
-1
-1
4610
-1
-1
12009
-1
187
2520
16657
-1
13065
-1
1934
4600	13653
8318	17318
-1
-1
641
16229
-1
-1
-1
-1
5471
5861
-1
-1
-1
4765
-1
-1
12591
-1
12112
4610
-1
-1
-1
13065
857	858
-1
-1
-1
-1
1934
-1
-1
-1
-1
-1
7034	8426
-1
1200
-1
6150
-1
-1
3391
2520
-1
-1
2520
-1
-1
-1
5560
-1
-1
3564	3567
-1
9785
-1
-1
-1
-1
3493
4610
6867
-1
-1
-1
-1
-1
12328
-1
-1
-1
641
15714
-1
-1
12161	12162
4191
300
-1
-1
-1
4610
16229
4765
-1
13071	9020	5616
-1
-1
-1
-1
-1
4765
16922
-1
2520
9774	2525	9783
-1
-1
-1
9781
-1
-1
13421
-1
-1
-1
2817
17135
460
-1
12011
-1
-1
-1
2520
17412
-1
-1
-1
10838
17516
-1
1934	1936
-1
-1
-1
12011
12011
-1
6847
-1
9020
4610
-1
-1
5811
12162
-1
-1
1934
6099
-1
16657
11724
8949
-1
641
-1
5087
-1
-1
4610
641
-1
2520
