-1
-1
-1
2227
-1
9
-1
-1
-1
2227
2728
-1
-1
-1
7856
4113
-1
-1
7037
6784
-1
-1
6057
-1
367
-1
-1
-1
2227
-1
-1
-1
-1
-1
3469
-1
-1
2227
-1
6057	6251
-1
5993
-1
-1
-1
-1
-1
-1
-1
-1
1984
2227
1919
2227
-1
-1
-1
-1
-1
8346
6695
-1
-1
2728
2227
-1
3766
-1
3766
-1
3766
-1
-1
667
5566
-1
-1
3766
-1
7193
-1
-1
-1
667
5699
-1
4287
2227
230
6251
-1
2227
-1
-1
-1
-1
6374
-1
-1
-1
-1
7037
-1
-1
-1
8139
-1
-1
-1
-1
6392
2227
2807
5993
-1
-1
-1
8139
4348
-1
-1
-1
6045
-1
-1
2728
2227
3766
-1
-1
7037
7037
2751
7463	8072
2227
-1
2227
-1
6022
4833
624
5640	4310	2627	7441
-1
-1
-1
-1
-1
-1
-1
-1
-1
624
-1
-1
-1
-1
367
-1
-1
-1
-1
-1
-1
367
-1
-1
-1
3469	1984
-1
-1
-1
-1
-1
-1
2728
-1
-1
2484
8139
-1
2227
5993
-1
6773
2728
-1
-1
-1
-1
2227
-1
-1
-1
-1
2728
-1
2728
8139
4113	8139
-1
6434
-1
-1
3420
-1
-1
-1
-1
5220	7207
-1
-1
-1
-1
-1
-1
-1
2388
-1
2127
2728	7223
-1
6728
1984
6739
3046
-1
6251	6057
2728
6047
3766
6728	6695	2813	5247	6297	2807	2530	2769
215	5928
3469
8139
3766
-1
-1
-1
198
2262	1561
6047
-1
-1
-1
-1
-1
-1
-1
-1
-1
3196	2227	2227
-1
2741	2741
-1
-1
-1
667
-1
5220
-1
-1
2807
2728
-1
115
-1
3766
-1
-1
2887
-1
-1
-1
3766	7037
3349
-1
-1
3469
-1
-1
-1
2887
624
367
2227
2741
4113
-1
2388
624
-1
-1
-1
-1
-1
6773
7463
-1
-1
-1
367
1984
2728
-1
8346
-1
6251	6931
2227
624
2807
105
-1
-1
-1
8432
-1
-1
-1
-1
-1
-1
6057
-1
-1
-1
-1
-1
2227
2227
-1
667
-1
2227
-1
-1
-1
-1
-1
2227
7037
4972
2728	7223	7207	5220
7266
-1
7207
5989
-1
-1
2388
7207
-1
-1
-1
-1
-1
-1
7290
2227
-1
-1
-1
-1
3766
-1
-1
-1
-1
-1
4287	7856
4756
-1
-1
4178
-1
7856
667
-1
2388
2227
-1
-1
8346
2728	7223	3046
-1
7037
5699
2728
2227
7037
2227
6374
2741
-1
3766
-1
-1
-1
-1
-1
2227
3766
-1
-1
3766
4113	8139
-1
5566
-1
3766
-1
-1
-1
-1
367
2227
-1
-1
-1
6045
-1
667
8139
5993
-1
-1
-1
-1
-1
2728
3766
2227
367
8139
105
667
-1
4833	4833	4833
3469	1984
6372	6739	5831	5085	4511	2813	1647
2227
6931	5088	6637	6057	6251	1531
-1
-1
2227
667
2728
2887	3469
5928	215
-1
-1
8438
-1
-1
-1
-1
235
105
2728
5566
5993
-1
367
-1
-1
5085
-1
2227
-1
-1
4178
-1
-1
204
-1
620
7856
-1
-1
-1
-1
7652
-1
-1
-1
7001
5566
-1
-1
-1
-1
5993
5896
-1
-1
-1
7856
5699
-1
3766
-1
-1
-1
-1
-1
-1
-1
-1
-1
3766
-1
-1
2227
667
6773
2728
2741
3594
5928	215
-1
4178
-1
3766
2227
-1
6773
752
-1
1851
-1
-1
7207
-1
-1
8432
-1
-1
3469
-1
-1
2728
-1
2227
-1
-1
-1
-1
-1
-1
2227
667
-1
3469	1816	1984	5343
1633
-1
-1
6057
-1
1102
8139
-1
-1
667
-1
2227
-1
-1
-1
-1
-1
-1
2484	2331
-1
-1
4113
624
8125	2070
-1
235
2741
3469
-1
-1
-1
-1
-1
-1
-1
-1
5993
-1
-1
-1
7441
-1
-1
-1
-1
-1
2807
2227
7685
2484
-1
3766
2227
-1
-1
-1
8346
-1
5893
-1
-1
1851
2741	413	115	3920	4617	6503	8125	4348	1308	654	3990	724	2807	198	7162	2259	4371	7415	5453	1633	5334	550	3203	5554	7179	1089	5489	8005	1851	5329	2530	897	8139	197	2612
235
-1
-1
3766
2728
-1
-1
-1
7465
-1
-1
-1
-1
8346
2728
-1
4833	5605	405
105
2227
-1
667
-1
-1
5893
-1
3046
-1
1984
2227
-1
-1
-1
5896
-1
5088	5998	492
6739	7465
-1
2227
-1
5812
3766
6773
6042
-1
282
-1
2484
-1
-1
-1
2227
-1
6773
6251
8125	654
-1
2227
-1
-1
-1
-1
6047
-1
5812
2807
2728
3469
-1
-1
-1
-1
-1
-1
-1
2227
2070
-1
5993
-1
2388
667
-1
667
-1
-1
3766
-1
2227
-1
8346
105
-1
-1
2227
-1
6047
5928	215
-1
2728
-1
-1
-1
6251
2887
-1
5993
-1
-1
6784
-1
-1
-1
-1
-1
6695
-1
-1
-1
-1
-1
5594
-1
6268
-1
-1
5896
667
5594
-1
-1
3766	6773
3766
-1
6057	6251
-1
1633	7652
1984
-1
-1
-1
367
3991
3766
-1
4748
3766
7039
2728
-1
-1
-1
2728
7037
7441
-1
-1
-1
-1
-1
667
-1
-1
-1
1984
-1
3766
6773
-1
-1
-1
-1
1851
-1
6784
2227
-1
5993
2227
-1
8139
-1
3481	996
-1
6192
-1
-1
-1
-1
-1
5247
8328
2388
-1
695	3427	2284
105
6192
-1
-1
-1
-1
7465
-1
-1
-1
-1
-1
-1
-1
-1
2227
-1
-1
-1
-1
413
-1
8139
7207
-1
-1
1514
-1
2227
2227
-1
3766	7039
6159	2453
-1
3503
-1
-1
3766	6773
7037
-1
2728
2728
-1
-1
5085
-1
2741
2227
-1
3766
-1
5993
-1
2887
-1
-1
-1
2728
-1
-1
-1
8346
6528
3766
752
5993
3420
8346
-1
4371
-1
-1
-1
-1
-1
-1
-1
2388
-1
-1
3481
2227
-1
-1
5296
7224
-1
-1
2269
6773
2070
2728
-1
-1
-1
3742
-1
413
6042
-1
-1
-1
-1
-1
-1
2741
667
6784	5566
-1
-1
8346
-1
-1
-1
2887
3766
3766
4348
-1
-1
-1
413
-1
4833	5566
105
7441
-1
2165
-1
-1
-1
-1
-1
-1
-1
-1
3469
-1
-1
-1
3766
-1
5896
-1
-1
-1
-1
-1
-1
-1
-1
-1
3469
-1
-1
6250
-1
-1
-1
3196	2227
-1
-1
4113
-1
-1
7415
105
-1
-1
-1
7001
-1
-1
-1
2227
-1
-1
2227
3766
-1
6047
-1
7043	6397	1555	4434	7043
7915
-1
8346
-1
-1
3420
2728
-1
6784
2484
-1
-1
5620
-1
-1
230
667
6773
4833
-1
-1
-1
5699
-1
-1
-1
7465
2127
2284	6397
-1
5993
-1
-1
-1
-1
-1
-1
624
4837
6931	415	8432
1851	6528	367
4113
-1
-1
-1
5085
2693
-1
-1
-1
-1
2227
-1
-1
-1
-1
-1
-1
-1
-1
5085
-1
2227
1514
-1
1633
2227
-1
-1
2227
6773
5220	7207
3766
-1
-1
-1
7207
105
1984
-1
6047
667	235
-1
3766	7037
230
1984
-1
-1
6047
8346
3469
6047
4434
-1
-1
5085
-1
-1
2227
3766
-1
-1
5699
2227
-1
2388
-1
-1
-1
2284
6042
-1
9
6020
667
-1
-1
-1
3046
-1
367
-1
-1
4113
-1
331
-1
-1
3766	230
-1
-1
-1
-1
-1
-1
-1
-1
2227
-1
4287
2227
-1
-1
-1
-1
-1
1984
-1
2813	5620	2751	1361	8211	6739	1647
-1
-1
2728
-1
-1
-1
2227
3469
105	282
3766
8145
2887
-1
3766
8139
-1
-1
-1
3766	7001
-1
-1
5896
-1
-1
-1
-1
-1
3766	6773
105
-1
-1
1319	105	2227	3196	6833	2165	2484	2227	1388	7460
3481	996	5699
-1
5220	3469
4287
667
-1
2227
667
-1
8438
-1
-1
2741
5453	5165	6020
-1
4748
2728
6045
-1
962	7295
-1
-1
2741
5896
6057
-1
-1
3766
230
-1
-1
4113
4837
5594
6784
2728
2227
-1
667
-1
3469
-1
6047
3469	1984
5085
2728
105
-1
-1
6297
6047
-1
-1
-1
4113
-1
-1
6251	6057	6931	527
-1
-1
-1
-1
3469
-1
-1
6784
7480
-1
-1
-1
667
2741
-1
-1
-1
-1
-1
-1
5893
2227
2227
-1
-1
-1
7039
6057
6057	6251
-1
-1
-1
5699
-1
2728
-1
-1
1514
3469
-1
-1
-1
8306
3469
-1
-1
-1
2728
-1
5993
7207
-1
-1
-1
8326
-1
3349
6251	6057
-1
-1
8346
8321
4972
-1
-1
-1
-1
-1
-1
-1
105
-1
3469
5993
-1
-1
3469
-1
-1
3469
-1
230
2227
-1
-1
-1
1984
527
-1
-1
3469
6251	6057
-1
-1
-1
2728
2227
413
-1
-1
-1
-1
2728
667
-1
8346	4873
2728
-1
-1
-1
-1
-1
105
-1
-1
7465
-1
1514
-1
-1
-1
-1
-1
-1
-1
-1
3469
-1
6251	6057
-1
-1
1874
-1
-1
6047
-1
-1
-1
-1
7001
-1
8346	6045
367
-1
-1
-1
-1
-1
105
750
6728
-1
7039
-1
-1
7856
-1
6773
1919
-1
-1
7001
-1
-1
5896
-1
-1
4178
5993
-1
-1
-1
2728
-1
3766
-1
1877	7465
-1
4963
-1
6057
-1
-1
-1
2728
2180
-1
-1
331
-1
-1
-1
-1
-1
-1
6047
6784
6022
-1
-1
-1
-1
7465
-1
3420
-1
5896
3196	2227	2227
-1
-1
-1
105
-1
7037
667
5893
-1
624
-1
3766
105	6057	282	6057	1984	4435	278	2269	5993	6057	1984
-1
-1
5699
105
-1
6739	2813
2728
3046
-1
5896
-1
-1
-1
-1
-1
6297
7207
-1
-1
-1
-1
-1
2227
-1
105
-1
8346
2127
-1
-1
2227
7742
-1
-1
-1
-1
-1
5812
8139
-1
-1
2901	5566
5085
-1
-1
-1
3766
-1
-1
3766
-1
-1
-1
2227
-1
-1
-1
2728
-1
-1
2227
-1
7441
7037
-1
3469	2612	1984	1102	7856
-1
752
-1
-1
996	3481
3766
2728
5989
282
-1
-1
-1
2728
8139
3469
5993
-1
-1
282
-1
-1
-1
-1
-1
-1
1984
1919
-1
-1
-1
2284	7685	695
5220	7207
6251	6057
-1
7465
5566
-1
-1
6739
5812
5993
-1
3469
3469	1984
-1
8139
-1
-1
2728
3766
2227
2227
-1
-1
-1
3046	2728
-1
5220	897	4287	413	7290	6528	2610	7207	457	8321
-1
-1
-1
7037
-1
4833
-1
7207	5220
3469	1984
-1
4833
-1
-1
-1
-1
1919
5896
-1
2728
2227
-1
2741
6057	6251
7207
-1
6057
2281
-1
6528
2807	4097
3481	996
-1
-1
-1
-1
7415
2728
-1
-1
6784
7039
-1
-1
-1
1555
2728
-1
-1
-1
-1
-1
-1
-1
2693
6022	2550	6773
-1
-1
-1
527
3766
-1
-1
-1
-1
-1
6728	6042
-1
-1
667
-1
-1
-1
1919	1665	878	1647	2813
6784
667
-1
667	235
5329	6192	5329	5732	3284	8438
-1
-1
-1
-1
-1
-1
373
-1
-1
6773
2227
-1
-1
-1
-1
5928	215
-1
2741
-1
235	3503
-1
8326
-1
-1
-1
2227
3331	7266	2769
-1
-1
1851
2887
2728	3046
-1
-1
-1
-1
-1
5896
-1
-1
2933
-1
-1
3766
2728
-1
-1
-1
624
-1
-1
-1
-1
2227
3766
-1
-1
-1
3766	7037	347
-1
4435
-1
667
-1
367
-1
-1
3481	996
-1
3469
7039
3469
-1
2388
-1
-1
7207
-1
3766
-1
-1
2227
2530
2227
-1
3766
3766
6057	6251
-1
-1
-1
5993
-1
4873
2227
-1
-1
6057
7801
-1
-1
1137	5112	5384	7193	2149	7685	7083
-1
2970
5453	4371
2741
1647	2648	2813	1919	1665	878	2751	1361
7856
624
-1
7037
-1
5896
-1
-1
-1
-1
-1
105
-1
-1
-1
-1
5699
-1
6773
2693
6637
7856
7001
-1
-1
8328	7801
5993
-1
6251	6057
6022
-1
-1
-1
3481	996	5699
3766
6931
5989	624
7143	2070
4371
4833
-1
3766
-1
-1
-1
-1
7856
-1
-1
2227
2530
-1
-1
667
5896
2388
-1
-1
-1
4178	3420
2751
-1
-1
7037
5699
-1
-1
-1
-1
6931	6251	6057	2173
-1
-1
-1
-1
4113	6830
2227
-1
7037
-1
3766
5085
225	2269	5085	5831	5896	8145
105
-1
-1
-1
-1
2227
3594
-1
-1
-1
-1
1919
5989
-1
1919
-1
-1
7037
-1
-1
5993
-1
-1
-1
1102
-1
7224
2728
-1
7207	5220
1984
-1
5993
-1
-1
-1
4833	5566	1377
-1
7290
-1
-1
-1
-1
-1
6022
-1
235
3766
-1
8139
-1
8139
-1
3046
-1
2227
6773
-1
-1
-1
6528
198
6047
235
-1
-1
-1
-1
667
4434
-1
-1
-1
-1
3766
-1
-1
-1
8139
6057
-1
105
-1
-1
-1
-1
-1
-1
8321
-1
3203	1089
-1
-1
2741
-1
-1
-1
-1
-1
-1
-1
-1
3420
-1
-1
-1
2728
-1
-1
105
-1
1388	235	2227
-1
-1
-1
7465
2728
-1
-1
-1
2728
2227
-1
-1
-1
-1
-1
-1
-1
-1
6159	2474
3469
4833	5605
413
5993
6434
3766
282
6057	6251
7856
6773
5993
-1
6251	6057
7037
367
4178
-1
-1
-1
105
2227
2388
2064	5085	8172	389	2227	5893
-1
-1
-1
-1
-1
6784
-1
667
3372	4056	3284	2807	3203
5893
6251	6057
-1
-1
-1
-1
-1
667
6503
105
2728
4113
2769
-1
-1
-1
-1
-1
-1
-1
-1
6773
2284
105
-1
6251	6057
5893
-1
-1
-1
-1
6192
4178
2887
-1
413
-1
-1
2453
6637
667
-1
6251	6057
7463
-1
-1
5893
-1
3478
-1
-1
8005
2728
-1
-1
-1
-1
667
-1
3766
-1
-1
8346	8145
105
5220
3766
5812
-1
6931	6057
-1
-1
6022
-1
6047
-1
-1
-1
-1
-1
-1
-1
367
6773
-1
-1
5993
-1
-1
-1
2741
-1
8125	2070
6374
-1
7001
2728
405
-1
3789	405	405
6251	6057	6250
-1
-1
-1
5993
-1
-1
-1
6268
-1
-1
6159
-1
-1
6251
3766
-1
6057	6251	7415
-1
-1
1984
3766
-1
-1
-1
2227
-1
-1
-1
-1
-1
-1
7801
-1
-1
3331	4113	6695
2728
-1
-1
-1
-1
-1
3331
-1
-1
654
2741	3478	7415	8139	1851	5160	2807	724
-1
3766
-1
7193
-1
105
3420
3766
2227
-1
6251	6057
5993
3469
-1
6057	6251
-1
6392
-1
-1
-1
-1
-1
-1
4287
-1
5993
-1
-1
-1
-1
3481	996
4348
-1
-1
-1
6784
-1
-1
-1
-1
4287
7037
2728
-1
-1
4435
3766
2807
-1
6057
-1
2227
2227
-1
8139
-1
4097
-1
-1
6251
-1
6057	6251	7001
-1
5247
3453
5812
2227
8438
-1
-1
-1
7037
-1
-1
-1
-1
6057
-1
-1
-1
2741
-1
2728
6057	6251	6931
-1
2227
6057
624
-1
-1
198
7193
2227
-1
-1
-1
-1
2728
2728
-1
-1
2728
6057
7001
-1
-1
-1
-1
-1
-1
5993
667
1919
105
7207	5220	6042
-1
-1
7037
105	4371
-1
6042
4833
3349
2693
1919
-1
5085
-1
-1
-1
-1
2619	5165	1392	1877	7480	6739	3183	5997	7566	5515
-1
-1
2227
2388
282
105
3766
7037
-1
6773
-1
-1
105
8306
367
-1
-1
-1
-1
-1
7463	8072
-1
3766
-1
7465
-1
235	5896
413
8346
-1
-1
3990	897
-1
-1
-1
2728
624
-1
3766
3766
-1
-1
-1
-1
2887
3427
-1
-1
7521
-1
-1
-1
-1
-1
-1
5893
-1
-1
-1
-1
-1
-1
-1
-1
-1
-1
4833	4113
-1
2641
-1
-1
7207
6784
7465
-1
-1
5453	4371
-1
-1
-1
6057	6251
2728
-1
-1
-1
-1
-1
-1
3789
1137	1555
-1
-1
8346
-1
2227
-1
-1
5993
-1
-1
7037
-1
-1
-1
-1
2259
6528
-1
-1
667
-1
-1
-1
-1
6251	6057
8346
-1
-1
-1
4113
-1
-1
-1
-1
-1
-1
149	7295
8139
-1
-1
-1
-1
2933
2728
-1
-1
4348
-1
-1
4434
2388
-1
6047
5893
3766
-1
6392
2728
-1
-1
-1
2227
6739
3766
-1
105
-1
-1
-1
2728
5510	8289	5510	6066	413	7856	8289	7583	7253
3990
-1
-1
-1
5220	7207
-1
3766
979
-1
-1
-1
-1
-1
624
3766
-1
6773
-1
105
3766
-1
-1
-1
-1
4972
105
-1
-1
-1
105
2180
-1
6784
-1
5453	4371
-1
2728
9
5208
1633
8326
2227
7463
-1
4833	5605
3427
4882	6250
-1
-1
-1
-1
-1
6773
-1
-1
4833
-1
-1
6022
-1
-1
413
-1
2728
3427
105
5220
-1
-1
-1
667
-1
-1
-1
-1
6251	6057
7465
-1
-1
-1
624
667
-1
2227
-1
-1
-1
1514
8328	6251
282
752
-1
8346
-1
6057	6251	7415
2728
-1
-1
2728
-1
-1
-1
-1
-1
-1
6739
3469
2388
3469
3469
3427	752	105
-1
-1
-1
-1
-1
7207
2227
2741
6931
2227
-1
3766
-1
-1
-1
-1
-1
2728
-1
-1
-1
-1
6047
-1
5220
-1
2227	3196	2227	235
2728
-1
-1
7143
-1
367
6251	6057
8346	8145
-1
-1
-1
-1
3766	6773
-1
1919
6773
-1
6784
3349
5220	7207
3046
1984
-1
-1
2728
-1
-1
-1
-1
235
-1
2887
-1
-1
6251
4287	743	3766	7039	347	7037	750
5896
6784
3766
1874
-1
6057
-1
-1
-1
7207
2728
-1
-1
105	2741
-1
-1
-1
1102
-1
-1
-1
-1
2227
6773
6042
-1
-1
7039
-1
2887
5566	2641	2901	4963
-1
282
2227
-1
7290
5993
-1
6251	6057
-1
3766
-1
-1
-1
-1
-1
-1
-1
-1
-1
3766
-1
6057
-1
2728
2180
4833	5605
-1
-1
5893
4434	962	6192	5640	743	1555	2284	6830	586	2530
-1
3469
2728
-1
-1
5997	5515	3183	2619	4833	282
2227
-1
-1
-1
-1
-1
-1
-1
743
2227
2227
282
4833
-1
3766
-1
-1
5993
2388
2227
-1
2728
-1
-1
6057	6931
-1
962
2227
3196	2227	2227
-1
-1
2728
-1
2728
2227
6773
-1
3372
6251	6057
-1
-1
1919
-1
-1
6045
2728
-1
667
7465
667
6047	3331	3453	7266
-1
-1
7039
6045
-1
-1
-1
-1
-1
-1
-1
105
-1
2728
-1
-1
-1
-1
8139
-1
752
5989
-1
-1
-1
-1
3046
6297
5993
-1
7441	5640
4833
-1
-1
4833
2227
2227
3766
-1
-1
1984	3469
-1
-1
6528
-1
-1
105
-1
105
-1
-1
-1
3766
2728
-1
624
-1
1919
527	4097	6656	2152	7290
3766
3469
5993
7001
-1
-1
-1
-1
-1
-1
-1
-1
5220	7207	2284
3766	7037
2728
1308
-1
-1
-1
-1
-1
-1
6739
-1
-1
-1
2388
-1
-1
-1
-1
5993
-1
3766
-1
1984
-1
1531
3469
7037
5812
667
624
2484
-1
-1
-1
-1
-1
-1
-1
-1
105
-1
-1
-1
-1
2741
-1
-1
-1
3766
-1
-1
-1
7207	5220	527
3469	1984
667	624
-1
-1
6251	6057
-1
2227
-1
-1
-1
-1
235
-1
-1
695	3427
-1
-1
1089	3203	4578
-1
-1
-1
-1
-1
-1
2388
-1
2165
3481	996
-1
2227
6251	6057
6047
-1
2610
7001
-1
-1
4549
3196
-1
-1
7207
3469
-1
3766
7290
5993
7037
282	105
667
2227
230
-1
-1
-1
-1
7415
-1
-1
-1
586	2284	5640	282	695	2262	3427	1555	4434	962	312	105	312	6392	312	3427	3427	6392	752
5993
-1
6251	6057	6931	7001
5989
331
-1
2807
7207
-1
4287
2887
-1
2227
-1
-1
6773
4833	5605
-1
-1
667
367	7207
1984	3469
5993
-1
-1
5993
5928	215
-1
-1
7224	7193
-1
-1
105
105
-1
-1
2227
7207
-1
-1
5993
-1
-1
2641
-1
5515
2227
8346
-1
105
-1
2728
7266	3331
6695	6297
-1
-1
2741
3766
-1
-1
-1
-1
7037
7465
-1
-1
-1
8139
-1
-1
4972
-1
4748
5993
-1
-1
-1
105
5220	7207
-1
-1
-1
-1
2728
-1
-1
-1
-1
-1
2813
-1
3046
-1
2284
-1
-1
6042
2227
-1
-1
2227
-1
-1
-1
7039
-1
-1
2152	6656
-1
667
-1
-1
-1
-1
3349
5993
7856
-1
-1
-1
-1
-1
5893
-1
-1
-1
2741
2092
-1
-1
6057	6251
752
3469
-1
-1
-1
5993
3766
8139
-1
367	6931	4873
-1
-1
-1
-1
-1
8139
6022
-1
2227
235	1319	225
-1
-1
-1
5896
-1
-1
2388
-1
-1
-1
1984
4113
198
-1
4833
-1
-1
-1
2227
6773
-1
-1
-1
4287
2648
-1
2728
-1
-1
-1
4833
4833
-1
413
-1
6931
5993
-1
-1
7801
6251
-1
-1
2728
6372
-1
8346
7001
6434
-1
2741
-1
5812
-1
-1
5993
2741
-1
2227
