-1
-1
-1
-1
-1
-1
-1
-1
-1
-1
-1
-1
-1
-1
-1
-1
-1
-1
-1
-1
-1
1696	4818
-1
-1
-1
4711
-1
-1
-1
-1
-1
-1
-1
-1
-1
-1
-1
-1
-1
-1
-1
-1
-1
-1
-1
-1
-1
-1
-1
-1
-1
-1
-1
-1
-1
-1
-1
-1
-1
-1
-1
-1
-1
-1
-1
-1
-1
-1
-1
8360	49	5689	1977	4990	3040	2464	3258
-1
1696	4818
7594
-1
-1
-1
-1
-1
-1
-1
-1
-1
-1
-1
-1
-1
-1
-1
-1
-1
-1
-1
-1
-1
-1
-1
-1
-1
-1
-1
-1
-1
-1
-1
-1
-1
2207	4294	2814	5713
-1
-1
-1
-1
-1
-1
-1
-1
-1
-1
-1
-1
-1
-1
2353
-1
-1
-1
-1
-1
-1
-1
-1
-1
-1
-1
-1
-1
4136
-1
-1
-1
-1
-1
-1
-1
-1
-1
-1
-1
-1
-1
5713
-1
-1
-1
-1
-1
8150	49	5689	1977	4990	6535	1991
-1
-1
1626
-1
-1
4711	8054
1696	4818
-1
-1
-1
-1
-1
-1
-1
7594
-1
-1
-1
-1
8054	4711
-1
8054	4711
-1
-1
-1
-1
-1
-1
-1
-1
-1
-1
2207
-1
-1
-1
-1
8054
-1
-1
-1
-1
-1
-1
-1
-1
-1
-1
-1
-1
-1
-1
2353	1626
-1
-1
-1
6535
-1
8360	49	5689	1977	4990	3040	2464	3258
-1
-1
-1
-1
-1
-1
-1
-1
-1
-1
-1
-1
-1
-1
-1
8
3020	1787	49	2767	6125	762	4860
-1
-1
-1
-1
-1
3258	8360	49	5689	4990	3040	2464
-1
-1
-1
4711
-1
-1
-1
-1
-1
-1
-1
-1
-1
-1
-1
-1
-1
-1
-1
-1
-1
-1
-1
-1
-1
-1
-1
-1
-1
-1
-1
-1
-1
-1
-1
-1
-1
2767
-1
-1
-1
-1
4711
-1
-1
-1
-1
-1
-1
-1
-1
-1
-1
-1
-1
-1
-1
-1
-1
-1
-1
4711
-1
-1
-1
-1
-1
-1
-1
-1
-1
-1
-1
5611
-1
-1
-1
-1
-1
-1
-1
-1
-1
-1
-1
-1
-1
-1
1991
-1
-1
-1
-1
-1
-1
-1
-1
-1
-1
-1
-1
-1
-1
5887	4938	7951	2678	2677	4711
-1
-1
-1
-1
-1
-1
-1
-1
-1
848
5611
-1
-1
-1
-1
-1
-1
-1
-1
-1
-1
1696	4818	2767	1787
-1
-1
-1
-1
-1
-1
1991	8150
-1
-1
-1
-1
-1
-1
-1
-1
-1
848
-1
2767
-1
-1
-1
-1
-1
-1
-1
-1
-1
-1
-1
-1
-1
-1
-1
-1
-1
-1
-1
-1
-1
-1
-1
-1
-1
-1
-1
-1
5482	2207	7697	1696	5713	6165	4818
-1
-1
-1
-1
-1
-1
-1
-1
-1
-1
-1
-1
-1
-1
-1
-1
-1
-1
-1
-1
-1
-1
-1
-1
-1
-1
-1
-1
-1
-1
-1
-1
-1
-1
-1
49	2740
-1
-1
-1
-1
-1
-1
-1
-1
-1
-1
-1
-1
-1
-1
-1
-1
-1
-1
-1
-1
-1
-1
5713
-1
-1
-1
-1
1626
1696
-1
-1
-1
2353
1626
1991
-1
-1
-1
-1
4711
-1
-1
-1
-1
-1
-1
-1
-1
-1
-1
-1
-1
-1
-1
-1
-1
-1
-1
7951
-1
-1
-1
-1
-1
-1
-1
-1
-1
-1
49	2740
-1
-1
-1
-1
-1
-1
-1
-1
-1
-1
6661	4860	2951	1839
-1
-1
-1
-1
-1
-1
-1
-1
-1
-1
-1
-1
-1
-1
-1
-1
-1
-1
-1
-1
-1
-1
-1
-1
-1
-1
-1
-1
-1
-1
3498
2207	5713	4294	4938	2814	6127
-1
-1
-1
-1
-1
1626
-1
-1
-1
-1
-1
-1
-1
-1
-1
-1
-1
-1
-1
-1
-1
-1
-1
-1
-1
2442	3258
-1
-1
-1
-1
-1
-1
-1
-1
-1
-1
-1
-1
-1
-1
-1
-1
-1
-1
-1
6125
-1
-1
-1
-1
-1
-1
-1
-1
-1
-1
-1
-1
-1
-1
-1
-1
-1
-1
-1
-1
-1
-1
-1
-1
-1
-1
-1
-1
-1
-1
-1
-1
-1
5967	4938	85
-1
-1
-1
-1
-1
-1
-1
-1
-1
-1
-1
-1
-1
-1
-1
-1
-1
2353	1626
-1
-1
-1
-1
1626	2353
-1
-1
-1
-1
-1
-1
-1
-1
-1
-1
-1
-1
-1
-1
-1
-1
-1
-1
-1
-1
-1
-1
-1
49	5689	4990
-1
-1
-1
-1
-1
1626	6125	3498
-1
-1
-1
-1
-1
-1
-1
-1
-1
-1
1696
-1
1991
-1
-1
-1
-1
2767	49	2740
-1
-1
-1
-1
-1
-1
-1
-1
-1
-1
1696
-1
7594	863
-1
-1
-1
-1
-1
-1
-1
-1
-1
-1
-1
-1
-1
-1
-1
-1
-1
-1
-1
-1
-1
-1
-1
-1
-1
-1
-1
-1
-1
-1
-1
-1
-1
-1
-1
-1
-1
-1
-1
4711
-1
49	7896
-1
-1
-1
-1
-1
-1
-1
-1
-1
-1
-1
-1
-1
-1
-1
-1
-1
-1
848
-1
-1
-1
-1
-1
-1
-1
-1
-1
-1
-1
-1
-1
-1
-1
-1
-1
-1
-1
-1
-1
-1
-1
-1
-1
-1
-1
-1
49
-1
5611
-1
-1
-1
-1
-1
8360	49	5689	4990	3040	2464	3258
-1
-1
-1
49
-1
-1
-1
-1
-1
-1
-1
-1
-1
-1
-1
-1
2207	5713	4294	2814	6127	4938
-1
-1
-1
-1
-1
-1
-1
-1
-1
-1
-1
-1
4711
-1
-1
-1
-1
-1
-1
-1
-1
-1
-1
-1
-1
-1
-1
2464	3258	2678
-1
-1
-1
-1
-1
-1
-1
-1
-1
-1
-1
-1
-1
-1
-1
-1
-1
-1
-1
-1
-1
-1
-1
-1
-1
-1
-1
-1
-1
-1
-1
-1
-1
-1
-1
-1
-1
-1
-1
-1
-1
-1
2464	3258	2678
-1
3258	8360	49	5689	4990	3040	2464
-1
-1
-1
-1
-1
-1
-1
-1
-1
1626
-1
-1
-1
-1
-1
-1
-1
-1
-1
-1
-1
-1
-1
-1
-1
-1
-1
-1
-1
-1
-1
-1
-1
-1
-1
-1
-1
-1
-1
-1
-1
-1
-1
-1
-1
-1
-1
-1
-1
1991
-1
-1
5482	4136	7594
-1
-1
-1
-1
-1
-1
-1
-1
-1
-1
-1
-1
-1
-1
49
-1
49	3040
-1
-1
-1
-1
-1
-1
-1
-1
-1
-1
-1
-1
-1
-1
-1
-1
-1
-1
-1
-1
-1
-1
-1
-1
-1
-1
-1
-1
-1
-1
-1
-1
-1
-1
-1
-1
-1
-1
-1
-1
-1
-1
-1
-1
2207	5713	4294	2814	6127
-1
-1
-1
-1
-1
-1
-1
-1
-1
-1
-1
-1
49
-1
-1
-1
-1
2353
-1
-1
-1
-1
-1
-1
-1
-1
-1
-1
-1
-1
-1
5887
-1
-1
-1
1626	2353
-1
-1
-1
8054
-1
-1
-1
-1
-1
-1
-1
-1
-1
-1
-1
-1
-1
-1
-1
-1
-1
848	5611
5482	863
-1
2207	5713	4294	2814	6127
-1
-1
-1
-1
-1
-1
-1
-1
-1
-1
-1
-1
-1
-1
-1
-1
-1
-1
-1
-1
-1
-1
-1
-1
-1
-1
-1
1696	4938
-1
-1
-1
-1
-1
-1
-1
-1
-1
-1
-1
-1
-1
1626
-1
-1
2353
-1
-1
-1
2678
848
1991
-1
-1
-1
-1
-1
-1
-1
-1
-1
-1
-1
-1
-1
-1
-1
-1
5611
4711
-1
5925
-1
-1
-1
-1
1991
-1
-1
-1
-1
-1
-1
-1
-1
-1
-1
1626
-1
-1
-1
-1
-1
-1
-1
-1
-1
-1
-1
-1
-1
-1
-1
-1
-1
-1
-1
-1
-1
-1
-1
-1
-1
-1
-1
-1
-1
-1
-1
-1
-1
-1
-1
-1
-1
-1
-1
-1
-1
-1
-1
-1
1626
-1
-1
-1
-1
-1
-1
-1
1696
-1
-1
-1
-1
-1
-1
-1
-1
-1
-1
-1
-1
7594	4136	5189	1558	8	5482
-1
-1
-1
-1
2207	2814	7082	6127	5887	4938	7951
-1
1626
-1
-1
-1
-1
-1
-1
-1
-1
-1
-1
-1
-1
-1
-1
-1
-1
-1
-1
-1
-1
-1
-1
-1
-1
-1
-1
-1
-1
-1
-1
-1
-1
-1
-1
-1
-1
-1
-1
-1
-1
-1
-1
-1
-1
-1
-1
-1
-1
-1
-1
-1
5689	1977	4990
-1
-1
-1
-1
-1
3258	8360	49	5689	4990	3040	2464
848	5611
-1
-1
-1
-1
-1
-1
-1
-1
-1
-1
-1
-1
-1
-1
-1
-1
-1
-1
-1
-1
-1
-1
1991
-1
-1
-1
-1
-1
-1
-1
-1
-1
-1
-1
-1
-1
-1
8054
-1
-1
-1
-1
-1
-1
-1
-1
-1
-1
-1
-1
8150	2740	49	5689	1977	4990	6535	1991
-1
-1
-1
-1
-1
-1
-1
-1
2353
-1
-1
-1
5887
-1
-1
-1
-1
49	5689	4990
-1
-1
-1
-1
-1
-1
-1
-1
-1
-1
-1
631	5486	3290	552
-1
-1
-1
-1
-1
-1
-1
-1
-1
-1
-1
-1
-1
8360	49	5689	1977	4990	3040	3258	2464
-1
-1
-1
-1
-1
-1
-1
-1
-1
1626	49
-1
-1
-1
-1
-1
4711
-1
-1
-1
-1
-1
-1
-1
-1
-1
-1
-1
-1
-1
-1
-1
-1
-1
-1
-1
-1
-1
-1
1626	2353
-1
2207	5713	4294	2814	6127	4938
-1
-1
-1
-1
-1
-1
-1
-1
2353	1626	2353	1626
-1
-1
-1
-1
-1
-1
-1
-1
-1
-1
-1
-1
-1
-1
-1
-1
-1
-1
-1
-1
-1
-1
-1
-1
-1
-1
-1
-1
-1
-1
-1
-1
1626
-1
-1
-1
-1
-1
2207	5713	4294	2814	6127
-1
-1
-1
-1
-1
-1
-1
-1
-1
-1
-1
4711
-1
-1
-1
-1
-1
-1
-1
-1
-1
1991
-1
-1
-1
-1
-1
-1
-1
-1
-1
-1
-1
-1
-1
1991
-1
-1
-1
-1
-1
-1
-1
-1
-1
-1
-1
-1
-1
-1
-1
-1
-1
-1
-1
-1
-1
-1
-1
5611
-1
-1
-1
-1
-1
-1
-1
-1
-1
-1
-1
-1
-1
-1
-1
-1
-1
-1
-1
-1
-1
-1
-1
-1
1787
4711	6165	1696
-1
-1
-1
-1
-1
1626
-1
6125	4860	5611	3498
-1
-1
-1
-1
1626	2353
-1
-1
4711	1696
-1
-1
-1
-1
-1
-1
-1
-1
-1
-1
-1
-1
-1
-1
-1
8150	49	5689	1977	4990	6535	1991
-1
-1
-1
6125	4860
-1
-1
-1
1626	2353
-1
-1
-1
-1
-1
-1
-1
-1
-1
-1
-1
-1
-1
-1
-1
-1
-1
-1
-1
-1
-1
-1
-1
-1
-1
-1
-1
-1
-1
8054
-1
-1
-1
-1
-1
-1
-1
-1
-1
-1
1626	2353
-1
-1
6661
-1
-1
-1
-1
5967
-1
-1
49	2740
-1
-1
-1
-1
-1
-1
-1
-1
-1
-1
-1
-1
-1
-1
-1
5482	2767
-1
-1
-1
4136	7594
-1
-1
8360	49	5689	1977	4990	3040	2464	3258
-1
-1
-1
-1
-1
-1
-1
-1
-1
-1
-1
1991
8150	49	5689	1977	4990	6535	1991
-1
-1
-1
-1
-1
-1
-1
-1
-1
-1
-1
5611
-1
-1
-1
-1
-1
-1
-1
-1
-1
-1
-1
-1
-1
-1
-1
-1
1626
-1
-1
-1
-1
-1
-1
-1
-1
-1
8360	49	345	2442
-1
-1
-1
-1
-1
-1
-1
-1
-1
-1
-1
-1
-1
-1
-1
-1
-1
-1
-1
-1
-1
-1
1696
848
-1
-1
-1
-1
-1
-1
-1
-1
-1
-1
-1
-1
-1
-1
-1
-1
-1
-1
-1
-1
-1
-1
-1
8054	6125	5611	2353	848
-1
-1
-1
-1
-1
-1
-1
-1
-1
-1
-1
-1
1626
-1
-1
-1
-1
-1
-1
-1
-1
-1
-1
-1
1991
-1
-1
-1
-1
8360	49	5689	1977	4990	3040	2464	3258
4711
-1
-1
-1
-1
-1
-1
-1
-1
1626
-1
-1
-1
-1
-1
-1
-1
-1
-1
8
-1
-1
-1
-1
-1
-1
-1
-1
-1
-1
-1
-1
-1
-1
-1
-1
8054
-1
8150	49	5689	1977	4990	6535	1991
-1
-1
-1
-1
-1
-1
-1
-1
-1
1991
-1
-1
-1
-1
8360	49	5689	1977	4990	3040	2464	3258
-1
-1
-1
-1
-1
-1
-1
-1
-1
-1
-1
-1
-1
-1
-1
-1
-1
-1
-1
-1
-1
-1
-1
-1
848
-1
-1
-1
-1
-1
-1
8150	49	5689	1977	4990	6535	1991
-1
-1
-1
-1
-1
-1
-1
8150	49	5689	1977	4990	6535	1991
-1
-1
-1
-1
-1
-1
-1
-1
-1
4711
-1
-1
-1
-1
-1
-1
-1
-1
-1
-1
-1
-1
-1
-1
-1
-1
-1
-1
-1
-1
-1
-1
-1
-1
-1
-1
-1
-1
-1
-1
-1
-1
-1
-1
-1
-1
-1
-1
-1
-1
-1
-1
-1
-1
-1
-1
-1
-1
-1
-1
-1
-1
-1
-1
-1
-1
-1
-1
-1
-1
-1
-1
-1
-1
49
-1
-1
-1
-1
-1
-1
-1
-1
-1
-1
-1
-1
-1
-1
-1
-1
-1
-1
-1
-1
-1
-1
-1
-1
-1
-1
-1
-1
-1
-1
-1
-1
-1
-1
6125
-1
-1
-1
-1
-1
-1
-1
-1
-1
-1
-1
-1
-1
-1
-1
-1
-1
-1
-1
-1
-1
-1
-1
-1
-1
-1
-1
-1
-1
1696
-1
-1
-1
-1
-1
-1
-1
-1
-1
-1
-1
-1
-1
-1
-1
-1
-1
-1
-1
-1
-1
-1
-1
-1
-1
-1
-1
-1
-1
-1
-1
-1
-1
-1
-1
-1
-1
-1
-1
-1
-1
-1
-1
-1
-1
-1
-1
-1
-1
-1
8360	49	5689	1977	4990	3040	2464	3258
-1
-1
-1
-1
-1
-1
-1
8150	49	5689	1977	4990	6535	1991
-1
-1
-1
-1
-1
1626
-1
-1
-1
-1
-1
-1
-1
-1
-1
4711
-1
-1
-1
-1
-1
-1
-1
-1
-1
-1
-1
-1
-1
-1
2207	2814	7082	6127	7697	4294	3344
-1
-1
-1
-1
-1
-1
-1
3040
-1
-1
-1
-1
-1
-1
-1
-1
-1
-1
-1
-1
-1
-1
-1
-1
8054
-1
-1
-1
-1
-1
-1
-1
-1
1991
1991
-1
-1
-1
5611
-1
-1
-1
-1
-1
-1
-1
-1
-1
-1
-1
-1
-1
-1
-1
-1
-1
-1
-1
-1
-1
-1
-1
-1
-1
-1
-1
-1
-1
-1
-1
-1
-1
-1
-1
-1
-1
-1
-1
-1
-1
-1
-1
-1
-1
-1
-1
-1
-1
-1
-1
-1
-1
-1
-1
-1
49	6125	345
-1
-1
-1
-1
-1
-1
-1
-1
-1
3290	631	5486
-1
-1
-1
-1
-1
-1
-1
-1
-1
-1
-1
-1
-1
-1
-1
-1
-1
-1
-1
-1
-1
-1
-1
-1
-1
-1
-1
-1
2353
-1
1558	7594
-1
-1
-1
-1
-1
-1
-1
-1
-1
-1
-1
-1
-1
-1
-1
-1
-1
-1
-1
-1
-1
8150
-1
-1
-1
-1
-1
-1
-1
-1
-1
-1
-1
-1
-1
-1
-1
-1
-1
-1
4711
4711
2799
-1
-1
-1
-1
-1
-1
-1
3258	8360	49	5689	4990	3040	2464
-1
-1
-1
-1
-1
-1
1696
-1
-1
-1
-1
-1
-1
-1
-1
-1
-1
-1
-1
-1
-1
-1
-1
-1
-1
-1
-1
-1
-1
-1
-1
-1
-1
-1
-1
-1
-1
-1
-1
-1
-1
-1
-1
-1
4136
6125	762	4860	2951	1839	3498
-1
-1
-1
-1
5888	1626
-1
-1
-1
-1
-1
-1
-1
-1
1696
-1
2353
-1
-1
-1
-1
-1
4711
-1
-1
-1
848
-1
2207	5713	4294	2814	6127	4938
-1
-1
-1
-1
-1
-1
-1
-1
-1
-1
-1
-1
-1
-1
-1
-1
-1
-1
-1
-1
-1
-1
-1
-1
-1
-1
-1
-1
-1
-1
-1
-1
-1
-1
-1
-1
-1
-1
-1
-1
2353	1626
-1
-1
-1
-1
-1
-1
-1
-1
-1
-1
3258	8360	49	5689	4990	3040	2464
-1
-1
-1
-1
-1
-1
-1
-1
-1
-1
-1
-1
-1
-1
-1
-1
-1
-1
-1
-1
-1
-1
1626
-1
-1
-1
-1
-1
-1
-1
-1
-1
8150	49	5689	1977	4990	6535	1991
3258
-1
7594
-1
-1
-1
5925
-1
-1
-1
-1
-1
-1
-1
-1
-1
-1
-1
-1
-1
-1
-1
-1
-1
-1
6661
-1
-1
-1
-1
-1
-1
-1
-1
-1
-1
-1
-1
-1
-1
-1
-1
-1
-1
-1
-1
-1
-1
-1
-1
-1
6125
-1
5887
-1
3258	8360	49	5689	4990	3040	2464
-1
-1
-1
-1
-1
-1
-1
-1
-1
-1
-1
-1
-1
-1
-1
-1
-1
-1
-1
-1
-1
848
-1
-1
-1
-1
-1
-1
-1
-1
-1
8054	6125	5611	2353
-1
-1
-1
-1
-1
-1
-1
-1
-1
8360	49	5689	1977	4990	3040	2464	3258
-1
-1
-1
-1
-1
-1
-1
4711
-1
-1
-1
-1
-1
3258	8360	49	5689	4990	3040	2464
-1
-1
-1
-1
-1
-1
-1
-1
-1
-1
-1
-1
-1
-1
-1
-1
-1
-1
4136
-1
-1
-1
-1
-1
-1
-1
-1
-1
6125
-1
-1
-1
-1
-1
-1
-1
-1
-1
-1
-1
-1
-1
-1
-1
-1
-1
-1
-1
-1
-1
-1
-1
-1
-1
-1
-1
-1
-1
-1
3344	5887	4938	2207	2814	7082	7951	6127	7697	4294
-1
-1
-1
-1
-1
-1
-1
2767
-1
-1
-1
5967
-1
1839	2635	762	6661	4860	2951	6125	7896	2740	1991	2652	8150	6811
49	863	5482
-1
-1
-1
-1
-1
-1
5713	2207	7697	4294	6127
-1
-1
-1
-1
-1
-1
-1
-1
-1
-1
-1
-1
-1
-1
-1
-1
-1
-1
-1
-1
-1
-1
-1
-1
-1
-1
-1
-1
-1
-1
-1
-1
-1
-1
-1
-1
-1
-1
-1
-1
-1
-1
-1
-1
-1
-1
-1
-1
-1
-1
-1
-1
-1
-1
-1
-1
-1
-1
-1
-1
-1
-1
-1
8150	49	5689	1977	4990	6535	1991
1626	2353
8
5611
-1
-1
-1
-1
-1
-1
-1
5611
-1
-1
-1
1626
-1
-1
7594	863
-1
-1
-1
-1
-1
-1
-1
-1
-1
-1
-1
-1
49	5689	4990
-1
-1
-1
-1
-1
8150
-1
-1
-1
-1
-1
-1
-1
-1
-1
-1
-1
-1
848
8054
-1
-1
4711
-1
-1
-1
-1
-1
-1
-1
-1
-1
848
-1
1626
-1
-1
2353
-1
-1
-1
-1
-1
-1
-1
-1
-1
-1
-1
-1
-1
-1
-1
-1
-1
-1
-1
-1
-1
-1
-1
-1
-1
8150	49	5689	1977	4990	6535	1991
-1
-1
-1
8150	49	5689	1977	4990	6535	1991
-1
-1
-1
-1
-1
-1
-1
-1
6125
8360	49	5689	1977	4990	3040	2464	3258
2353
-1
-1
-1
1696
-1
-1
-1
-1
-1
-1
-1
-1
-1
-1
2951	762	1992	2442	345	4860
-1
-1
-1
-1
-1
1839	6661	762	6125	8054
-1
-1
-1
-1
-1
-1
-1
-1
-1
-1
-1
-1
-1
-1
-1
-1
-1
-1
-1
-1
-1
-1
1626	2353
-1
-1
-1
-1
8
-1
-1
-1
-1
-1
-1
2353	1626
-1
-1
1626	2353
-1
-1
-1
-1
5888	7563
-1
-1
2353
-1
-1
-1
-1
-1
-1
-1
-1
-1
-1
-1
-1
6535	6362	848
-1
-1
6362	848	6535
-1
-1
1991
-1
49	2740
-1
-1
-1
-1
-1
-1
-1
-1
-1
-1
-1
8360	49	5689	1977	4990	3040	2464	3258
-1
-1
1991
-1
-1
-1
863
-1
-1
-1
-1
-1
-1
-1
-1
-1
-1
-1
-1
7594
-1
-1
-1
-1
-1
-1
-1
-1
-1
-1
-1
-1
-1
-1
-1
-1
-1
5611
-1
2353	1626
49	5689	1977	4990
-1
-1
49
-1
8150	49	5689	1977	4990	6535	1991
-1
-1
-1
-1
-1
-1
-1
85	5046
-1
8360	49	5689	4990	3040	3258
-1
-1
-1
-1
-1
-1
-1
-1
-1
-1
1626	2353
-1
-1
-1
-1
-1
-1
8360	49	5689	1977	4990	3040	2464	3258
-1
-1
-1
-1
-1
-1
-1
-1
7594
-1
-1
49	5689
848
-1
-1
-1
1991
-1
-1
848
-1
-1
-1
-1
-1
-1
1696
-1
-1
-1
-1
-1
-1
-1
-1
-1
-1
-1
5887	4938	7951
-1
-1
-1
-1
8360	49	5689	1977	4990	3040	2464	3258
-1
8150	49	5689	1977	4990	6535	1991
-1
-1
-1
-1
-1
-1
-1
-1
-1
5887	5967	1696	4711	5482	1626	2207	2814	7082	6127	7697	4294	3344	7951
-1
-1
-1
-1
-1
-1
-1
-1
-1
-1
6125
-1
-1
-1
-1
-1
-1
-1
-1
1991
-1
-1
-1
-1
-1
-1
-1
-1
-1
-1
-1
8150	49	5689	1977	4990	6535	1991
-1
-1
-1
-1
-1
-1
-1
7594	4136
-1
