-1
-1
-1
-1
6091	7251
-1
-1
-1
-1
-1
-1
-1
-1
-1
-1
-1
-1
-1
-1
-1
-1
3652	7294
-1
-1
-1
-1
-1
-1
-1
-1
-1
-1
-1
6440	3575
-1
-1
8117	771	2148
-1
-1
-1
-1
-1
3575
-1
-1
-1
7294	3652
-1
-1
-1
-1
-1
-1
-1
-1
7970	2500	4142	7251	6091	7545	130	3652	2580
-1
3575
-1
-1
-1
-1
3107
-1
-1
-1
-1
-1
-1
-1
-1
3652	7294
-1
-1
-1
3107
-1
-1
-1
-1
-1
-1
-1
-1
-1
-1
-1
-1
-1
-1
-1
-1
-1
-1
-1
-1
-1
-1
3637
-1
2148
-1
-1
-1
3637	7151
-1
3637	4292	1282	8316	3652	7294
7151	2580	7251	5089
-1
-1
-1
-1
-1
-1
-1
-1
-1
-1
-1
-1
-1
-1
-1
-1
-1
-1
-1
-1
-1
-1
-1
-1
-1
-1
-1
-1
-1
6508	2580	1416
-1
-1
-1
-1
-1
3621	6091	2580	7251
-1
-1
-1
2500	3440
3575	6440	5391
3768
-1
-1
-1
8117	771	2148
-1
-1
-1
-1
2580	7251	2500
-1
-1
-1
3652	7294
-1
-1
-1
-1
-1
-1
-1
-1
-1
5004
-1
-1
-1
-1
-1
-1
-1
-1
-1
-1
-1
-1
-1
-1
-1
-1
-1
-1
-1
-1
-1
-1
-1
-1
-1
-1
5004	3768
-1
7545	130	6091	3621	4142
-1
-1
4987
-1
-1
-1
2580	7970
-1
-1
-1
-1
8117
-1
6508	4431	4142
-1
2661
-1
-1
7151
-1
-1
-1
-1
-1
-1
-1
-1
-1
-1
3107
-1
-1
-1
-1
-1
-1
-1
-1
-1
-1
-1
-1
-1
-1
-1
-1
-1
-1
-1
-1
-1
-1
-1
6091	7251	7545
-1
-1
-1
-1
-1
-1
-1
-1
-1
-1
-1
-1
-1
-1
3575	6440
-1
-1
-1
-1
-1
-1
-1
-1
-1
-1
-1
-1
-1
-1
-1
-1
-1
-1
-1
-1
-1
-1
-1
-1
-1
-1
-1
-1
3637	4292	1282
-1
-1
-1
-1
-1
-1
-1
-1
-1
-1
-1
-1
-1
-1
-1
-1
-1
-1
-1
-1
-1
-1
-1
-1
-1
-1
-1
-1
-1
-1
-1
6586	2896
-1
-1
1282	4292	8316	3637	7251	2500	6091	130	3652	7294
-1
-1
-1
-1
-1
-1
-1
-1
-1
-1
-1
-1
-1
-1
-1
-1
-1
6005	8117	4142	6508
-1
-1
-1
-1
-1
3107
-1
-1
6091
-1
-1
-1
-1
-1
-1
-1
-1
-1
-1
-1
-1
-1
-1
8117	771	2148
-1
-1
-1
-1
-1
-1
-1
-1
-1
-1
-1
-1
-1
-1
-1
-1
-1
-1
-1
-1
-1
-1
-1
-1
-1
-1
-1
-1
-1
-1
-1
-1
-1
-1
-1
-1
-1
-1
-1
-1
3692
-1
-1
-1
-1
-1
-1
-1
-1
-1
-1
-1
-1
-1
-1
-1
-1
-1
-1
-1
-1
-1
-1
-1
6458
-1
-1
-1
-1
-1
-1
-1
-1
-1
-1
-1
-1
2580
-1
-1
-1
-1
-1
-1
-1
-1
-1
-1
-1
-1
-1
-1
-1
-1
-1
-1
-1
-1
7251	1416	2500
1282
-1
-1
-1
6091	3621	7545	130
-1
-1
-1
-1
-1
-1
-1
-1
-1
-1
-1
-1
-1
-1
-1
-1
-1
-1
-1
-1
-1
-1
-1
-1
-1
-1
-1
-1
3575	6440
-1
-1
-1
-1
-1
-1
-1
-1
-1
-1
-1
-1
-1
-1
-1
-1
-1
-1
2148
-1
-1
-1
-1
-1
-1
-1
-1
8117	771
-1
-1
-1
-1
-1
-1
5333
-1
-1
3637
-1
-1
-1
-1
-1
-1
-1
-1
-1
-1
-1
3637	4292	1282
-1
-1
-1
-1
1282	3637	4292	8316
-1
7251
-1
-1
-1
-1
-1
-1
-1
-1
-1
-1
6440	3575	5391
-1
-1
-1
-1
-1
-1
-1
-1
-1
-1
-1
3652	6440	3575	2580	7294
-1
-1
-1
-1
-1
-1
1282
-1
-1
-1
-1
-1
-1
-1
-1
-1
-1
-1
-1
-1
-1
-1
-1
-1
-1
-1
-1
-1
-1
-1
1282	8316
-1
-1
-1
-1
2425
-1
6508
-1
-1
-1
2896	2937
-1
-1
2580
-1
-1
-1
-1
-1
-1
6440	3575	4142
-1
-1
6091	7251	4142	3652
-1
-1
-1
-1
2580	7970	4142	7251	6091	3652	130	7545	2500
-1
-1
-1
-1
-1
-1
-1
-1
2580	3575	6440
-1
-1
-1
-1
7251	4142	3652	6091
-1
-1
-1
-1
-1
-1
7970	3621	6508	2500	5089	6091	1416	7545	7251	130	2580	4142
-1
-1
-1
-1
-1
-1
-1
-1
-1
-1
-1
3575
-1
-1
-1
-1
-1
-1
-1
-1
-1
-1
8117	2500	2148	771	1282
-1
-1
-1
-1
-1
-1
-1
-1
-1
-1
-1
-1
-1
-1
-1
-1
-1
-1
-1
-1
-1
-1
-1
-1
-1
3692	2896
-1
-1
6091	7251	2500	2849	3652	7294
-1
-1
-1
-1
8117
-1
-1
-1
-1
-1
-1
-1
-1
-1
-1
-1
-1
-1
-1
-1
-1
-1
-1
-1
-1
-1
-1
-1
-1
-1
-1
-1
-1
-1
-1
-1
-1
-1
-1
-1
-1
-1
-1
-1
-1
-1
8117	771
-1
-1
-1
-1
-1
-1
-1
-1
-1
1282	3637	4292
-1
-1
-1
-1
-1
4292
-1
-1
-1
-1
2580
-1
-1
2425
-1
8117	2148	771
-1
-1
-1
-1
-1
-1
-1
-1
-1
-1
-1
3652
-1
-1
-1
-1
3637
8117	771
-1
-1
-1
-1
-1
-1
-1
-1
-1
-1
-1
-1
-1
-1
-1
-1
8117	771
-1
-1
-1
6091	7251	4142	3652
-1
-1
-1
-1
-1
-1
-1
-1
-1
-1
-1
-1
-1
-1
-1
-1
-1
-1
-1
-1
-1
-1
-1
-1
-1
-1
-1
-1
-1
-1
-1
-1
-1
3637	4292	1282	8316
-1
-1
-1
-1
-1
-1
-1
-1
-1
-1
-1
-1
-1
-1
3637
-1
-1
-1
-1
-1
-1
-1
-1
-1
-1
-1
-1
-1
-1
-1
-1
-1
-1
-1
-1
-1
-1
-1
-1
2580	7970
-1
-1
4096	4980
-1
-1
-1
-1
-1
-1
8344
-1
-1
-1
-1
-1
-1
-1
-1
-1
-1
-1
-1
-1
3768	5004
-1
-1
-1
-1
2580	3652
-1
-1
-1
-1
3107
-1
4292	3637
-1
-1
-1
-1
-1
4142	6091
-1
-1
-1
-1
-1
-1
-1
-1
-1
-1
-1
-1
-1
-1
-1
-1
-1
-1
-1
-1
-1
-1
-1
-1
-1
6440	3575	4142	6508
-1
-1
-1
8344
-1
-1
-1
-1
-1
-1
-1
-1
-1
-1
-1
-1
-1
-1
-1
-1
-1
-1
-1
-1
-1
-1
-1
-1
2580
-1
-1
-1
-1
-1
5694	972
-1
-1
-1
-1
-1
-1
-1
-1
-1
8117	771	2148
-1
-1
-1
-1
-1
-1
-1
-1
-1
-1
-1
-1
-1
-1
-1
-1
-1
-1
7251	2580
-1
-1
-1
-1
-1
-1
-1
6091	1416	3637	4292
-1
-1
-1
-1
-1
-1
-1
-1
-1
-1
-1
-1
-1
-1
-1
-1
6091
-1
-1
-1
-1
-1
-1
-1
-1
-1
-1
-1
-1
-1
6440	3575
-1
-1
-1
-1
-1
4292
-1
-1
-1
-1
-1
-1
2500	6508	2580	7970	6091	7545	130	3621	4142	1416	7251
-1
-1
-1
-1
-1
-1
2580	3652	7294	7970
-1
8344
-1
-1
-1
-1
-1
-1
-1
-1
-1
-1
-1
-1
3575
-1
6440
-1
-1
-1
-1
-1
-1
-1
-1
-1
-1
-1
-1
-1
7251	3637	4292	1282	8316
-1
-1
-1
-1
1282	3637	4292
-1
-1
4292	1282
-1
-1
-1
-1
-1
-1
-1
2580	6440
-1
-1
-1
-1
-1
-1
6091	7251
-1
-1
2500	2849	5089	1343	3652	2580	6091	7970	3637	4292	1282	8316	7251	7545	130	4142	6508	3723
-1
2580	7970	3575
3869
-1
3637	1282
-1
-1
-1
-1
-1
-1
-1
-1
-1
-1
-1
-1
-1
1416	7251	2500	6091	3637
-1
-1
-1
-1
-1
-1
-1
-1
-1
-1
-1
-1
-1
-1
-1
-1
-1
-1
-1
-1
-1
-1
-1
-1
-1
-1
-1
6586	2937	5694
-1
-1
-1
-1
-1
-1
-1
-1
-1
-1
-1
-1
-1
-1
-1
-1
1282	8316	7251	4142	7294	3637	4292
-1
-1
-1
-1
3692
-1
-1
6091	7545
-1
-1
-1
-1
-1
-1
-1
-1
-1
-1
-1
-1
-1
-1
-1
-1
-1
6091
6508	4431
-1
-1
-1
-1
-1
-1
-1
-1
8117
-1
-1
-1
-1
3575	6440	5391
-1
-1
-1
-1
-1
-1
-1
-1
-1
-1
-1
-1
-1
3637	4292	1282
-1
-1
-1
7970	3621	6508	2500	3652	7294	6091	7545	130	4142	1416	7251	2580
-1
-1
-1
2425
-1
-1
-1
-1
-1
-1
2928
-1
-1
-1
-1
-1
6091	4142	7251	3637
-1
-1
-1
-1
-1
-1
7251
-1
-1
-1
-1
-1
-1
-1
-1
-1
-1
-1
-1
-1
-1
3440
8316	3637	4292	1282
-1
-1
-1
3637
-1
-1
-1
-1
-1
-1
-1
-1
-1
-1
-1
-1
-1
-1
-1
-1
-1
-1
-1
-1
2425
-1
-1
-1
-1
-1
-1
972	2937	5694
-1
-1
-1
8117	771	2148
-1
-1
-1
-1
-1
-1
-1
3440
-1
-1
-1
3652
-1
-1
-1
-1
-1
-1
-1
-1
-1
-1
-1
-1
-1
-1
-1
-1
-1
-1
-1
-1
-1
-1
-1
2849	7251
-1
-1
-1
-1
-1
3637	4292	8316	1282
-1
-1
-1
-1
-1
-1
-1
-1
-1
-1
-1
-1
-1
-1
6091	2580	3637
-1
-1
-1
-1
-1
-1
-1
-1
-1
7251	6508	2500	3621	3652	7294	5089	6091	7545	2580	4142	7970	1416	130
3768
6091	3637	4292	1282	8316	7251
-1
-1
-1
-1
-1
-1
-1
-1
-1
-1
-1
-1
-1
-1
3637	4292	1282	8316
-1
3637
-1
-1
-1
-1
-1
-1
-1
-1
-1
3107	3107
-1
-1
-1
-1
-1
-1
-1
-1
-1
-1
-1
-1
-1
-1
6091	130	7545	7251
-1
-1
5775	2977
-1
6440
-1
-1
-1
-1
-1
-1
-1
-1
-1
-1
-1
-1
-1
-1
-1
-1
-1
-1
-1
-1
-1
-1
-1
-1
4292
-1
-1
-1
-1
-1
-1
-1
-1
-1
-1
-1
-1
-1
6508	4431	4142	3723	1416	5089
-1
-1
-1
-1
-1
-1
-1
-1
-1
-1
-1
-1
-1
-1
-1
-1
-1
-1
8117
-1
-1
-1
-1
-1
-1
-1
-1
-1
-1
-1
-1
-1
-1
-1
-1
-1
-1
-1
-1
-1
5089	3621	7545	130	3652	2580	7251	7970	3637	4292	1282	8316	6091	4142	6508	3723	2500	2849
-1
-1
-1
-1
-1
-1
-1
-1
-1
-1
-1
-1
-1
-1
-1
-1
-1
-1
-1
-1
-1
-1
-1
-1
-1
-1
-1
-1
-1
-1
-1
-1
-1
-1
-1
-1
-1
-1
-1
-1
-1
-1
-1
-1
6440	3575
-1
-1
-1
3575	6440
-1
-1
771	8117	2148
-1
-1
-1
-1
-1
-1
-1
-1
-1
-1
3652	7294	6091	7251	2500	130	8316	4292	1282	3637
-1
-1
7251	1416	2500
-1
3652	7294
-1
-1
6440	3575	5391	4142	6508
-1
6508	7251	6091	3652	7294	2580
-1
-1
3637	4292
-1
-1
-1
-1
3107
-1
-1
-1
-1
-1
2580
-1
-1
-1
-1
-1
-1
-1
-1
2937
-1
-1
-1
-1
-1
-1
-1
-1
-1
8117
-1
-1
-1
-1
-1
-1
-1
-1
8117	771	2148
-1
-1
-1
-1
-1
-1
-1
3652
-1
-1
-1
-1
-1
-1
-1
-1
-1
-1
-1
-1
-1
4292	1282	8316	3652	7294	2580	7970	6091	3621	7545	130	7251	2500	3637
-1
8117	771	2148
-1
-1
-1
-1
-1
-1
-1
-1
-1
-1
-1
-1
-1
-1
-1
-1
-1
-1
-1
-1
-1
-1
-1
-1
-1
-1
-1
-1
-1
-1
-1
-1
-1
-1
-1
-1
-1
-1
3575
-1
-1
-1
-1
8316	7251	7294	3637	4292	1282
-1
-1
-1
-1
-1
-1
-1
-1
-1
-1
-1
-1
-1
-1
-1
-1
-1
-1
-1
-1
-1
-1
-1
-1
-1
-1
-1
-1
-1
-1
-1
-1
-1
4292	1282
-1
-1
-1
-1
1282
-1
6458
-1
-1
-1
-1
-1
-1
-1
-1
-1
-1
-1
-1
-1
-1
-1
-1
-1
-1
-1
-1
-1
-1
-1
-1
-1
-1
-1
-1
2425
7251	2500	4142	2580
-1
-1
-1
-1
-1
-1
-1
-1
-1
-1
-1
-1
-1
-1
-1
-1
-1
-1
-1
-1
-1
-1
-1
-1
-1
-1
1416	2500
-1
-1
-1
-1
-1
-1
-1
-1
-1
-1
-1
-1
972	2937
-1
-1
-1
-1
-1
-1
7010
-1
-1
-1
-1
-1
-1
-1
-1
-1
-1
-1
-1
-1
-1
-1
-1
-1
-1
-1
-1
-1
3637
-1
-1
-1
8117	2148	771
3768	5004
3637
-1
-1
-1
-1
-1
-1
-1
6440
-1
-1
-1
-1
-1
-1
-1
-1
-1
-1
-1
-1
-1
-1
-1
-1
-1
-1
-1
-1
-1
-1
-1
-1
-1
-1
-1
-1
-1
-1
-1
1282	8316	3637	4292
-1
-1
-1
-1
-1
-1
-1
-1
7151
-1
-1
-1
-1
-1
2580
-1
-1
-1
1416	2580	6508	7545	130	6091	7970	2500	3621	4142	7251
-1
-1
-1
-1
-1
-1
4142
-1
3621	7970	2580
-1
-1
3637
-1
-1
-1
-1
8117	771	2148
8316	3637	4292	1282
-1
-1
-1
-1
-1
-1
-1
-1
7251	6091
-1
-1
-1
2148	771	8117
-1
-1
-1
-1
-1
-1
-1
3107
-1
-1
-1
-1
-1
-1
-1
-1
-1
-1
-1
-1
-1
-1
-1
-1
-1
-1
-1
-1
-1
5093	3253
-1
-1
-1
-1
-1
-1
-1
-1
-1
-1
-1
-1
-1
-1
-1
-1
-1
-1
6091	130
-1
-1
-1
-1
-1
-1
8117	771
-1
-1
-1
-1
-1
-1
-1
-1
-1
3494
-1
-1
-1
7251	2500	2580	7970	7545	6091	130	4142	1416	3621	6508
-1
-1
-1
-1
3107
-1
-1
-1
-1
6091	7545
-1
-1
-1
-1
-1
-1
-1
-1
-1
-1
-1
-1
-1
-1
-1
-1
-1
-1
-1
-1
-1
-1
-1
-1
-1
-1
-1
-1
-1
-1
-1
-1
-1
-1
6091	7545
-1
-1
-1
-1
-1
-1
-1
-1
-1
-1
3107
-1
-1
-1
-1
-1
-1
-1
-1
-1
-1
-1
-1
-1
-1
-1
-1
-1
1282	3637	4292
-1
-1
-1
-1
-1
-1
-1
-1
-1
-1
2580	3575
-1
-1
6091
-1
-1
-1
-1
-1
-1
-1
-1
-1
-1
-1
-1
-1
1282	4292	3637
-1
-1
-1
-1
-1
-1
-1
-1
-1
-1
-1
-1
-1
-1
-1
-1
-1
-1
6091	7545	5089	7251
-1
-1
-1
-1
-1
-1
-1
-1
-1
-1
-1
-1
-1
-1
-1
-1
-1
-1
-1
-1
-1
-1
-1
-1
-1
-1
-1
-1
-1
-1
-1
-1
-1
6440	3575
-1
-1
-1
-1
7294	3652
-1
-1
-1
-1
-1
-1
-1
-1
-1
-1
-1
-1
-1
-1
-1
-1
-1
-1
-1
-1
-1
-1
-1
-1
8117	2148
7151
8117	771	2148
-1
3637
6440	3575
-1
-1
-1
-1
-1
-1
-1
-1
-1
-1
-1
-1
-1
-1
-1
-1
-1
-1
-1
-1
-1
-1
-1
-1
-1
-1
6091	7251	4142
-1
-1
-1
-1
-1
-1
-1
-1
-1
-1
-1
-1
-1
-1
-1
-1
-1
-1
-1
-1
-1
-1
-1
-1
-1
-1
3575	6440
-1
-1
-1
-1
-1
-1
-1
-1
-1
-1
-1
-1
-1
-1
-1
-1
6440	3575
-1
3575
-1
-1
-1
-1
-1
-1
-1
-1
-1
-1
-1
-1
6091
-1
-1
-1
-1
-1
-1
-1
-1
-1
-1
-1
-1
-1
-1
-1
-1
-1
-1
-1
-1
-1
-1
-1
-1
-1
-1
-1
7251	2500	3637	4292	1282
-1
-1
-1
-1
-1
-1
-1
-1
8117	2148	771
7251
-1
-1
-1
-1
-1
-1
-1
-1
-1
-1
-1
6091
-1
-1
-1
-1
-1
-1
-1
8117	771	2148
-1
-1
-1
-1
-1
-1
-1
-1
-1
-1
7294	2580	3637	4292	1282	8316	7251	4142	771	2148
-1
6440
-1
-1
-1
-1
2580
-1
6440	3575
8117	2148	771
-1
-1
-1
-1
-1
-1
-1
-1
-1
-1
4292
-1
-1
-1
-1
-1
-1
-1
-1
-1
-1
-1
-1
3652
-1
-1
-1
-1
-1
-1
-1
-1
-1
-1
-1
-1
-1
-1
-1
-1
-1
-1
-1
-1
8117	2148	771
-1
-1
-1
-1
-1
-1
-1
-1
2580
3253	5093
-1
-1
-1
6091
6091	3637	6005
-1
-1
-1
-1
-1
-1
-1
-1
-1
-1
-1
-1
-1
-1
-1
6586
6091	7251	2500
-1
-1
-1
-1
-1
-1
-1
-1
-1
-1
4292	1282	8316	7251	3575	6440	3637
-1
-1
-1
-1
-1
-1
-1
-1
2580	7970
-1
-1
-1
-1
-1
-1
-1
3768	5004
-1
2425
-1
-1
-1
-1
-1
-1
-1
-1
-1
6440	3575
-1
-1
-1
-1
-1
-1
-1
-1
-1
-1
-1
-1
-1
-1
3692
-1
1282	3637	4292	8316
-1
-1
-1
-1
-1
-1
-1
-1
2580
-1
-1
-1
-1
-1
-1
6091
-1
-1
-1
-1
-1
-1
-1
-1
-1
-1
1282	3637	4292
-1
-1
-1
-1
-1
-1
-1
-1
-1
-1
-1
3637	8316	4292	1282
2580
-1
-1
-1
-1
-1
-1
-1
6091	7251	4142	3652
-1
-1
-1
-1
-1
-1
-1
-1
-1
-1
-1
-1
-1
-1
-1
-1
-1
-1
-1
-1
-1
-1
-1
-1
-1
-1
-1
-1
3575
-1
-1
-1
3575
-1
-1
-1
-1
-1
-1
-1
-1
-1
-1
-1
-1
-1
-1
-1
-1
-1
-1
-1
-1
8117	771	2148
-1
-1
6091
2580	7970
-1
-1
-1
-1
-1
-1
-1
-1
-1
6508
-1
8117
-1
-1
-1
-1
-1
-1
-1
-1
-1
-1
-1
-1
-1
-1
-1
-1
-1
-1
-1
-1
-1
-1
-1
-1
2425
-1
-1
-1
-1
-1
-1
2661	5786	5408
-1
-1
-1
-1
-1
-1
-1
-1
-1
-1
-1
6458
-1
-1
-1
-1
-1
-1
3768	5004
-1
-1
-1
3637	4292	1282	8316
-1
-1
-1
-1
-1
-1
-1
-1
-1
-1
-1
-1
-1
-1
-1
-1
-1
-1
-1
-1
-1
-1
-1
-1
-1
-1
-1
-1
-1
3575
-1
-1
-1
-1
-1
7151	5333	1343
-1
-1
-1
-1
-1
-1
-1
-1
-1
-1
6005	1416	2500	7251
-1
-1
7251	2500	4142	3652	2580
-1
3723	2500	2849	5089	3652	2580	6091	7970	3637	4292	1282	8316	7251	3621	7545	130	4142	6508
-1
-1
-1
-1
-1
-1
7151
5089	3621	7545	130	3652	7294	2580	7251	7970	3637	4292	1282	8316	6091	4142	6508	3723	2500	2849
-1
-1
-1
-1
-1
-1
-1
-1
-1
-1
-1
-1
-1
-1
-1
-1
-1
-1
-1
-1
-1
3637	1282	4292
-1
-1
-1
-1
-1
-1
-1
-1
-1
-1
-1
-1
-1
-1
-1
-1
4292	1282
-1
-1
-1
-1
-1
-1
-1
-1
-1
-1
-1
-1
-1
3637
-1
-1
-1
-1
3652
-1
-1
-1
-1
3652	7294	2580	7970	6440	3575	5391
-1
-1
-1
-1
-1
-1
-1
-1
-1
-1
-1
-1
-1
-1
3575
-1
-1
-1
-1
-1
-1
-1
-1
-1
-1
8117	2148	771
-1
-1
-1
-1
-1
-1
-1
3622	2661	7731	6141
-1
-1
-1
-1
-1
6440	3575
-1
-1
-1
-1
6508	4431	4142
-1
-1
-1
-1
-1
-1
-1
4096	4980
-1
-1
-1
-1
-1
3652	7294	2580	7970	6440	3575	5391
-1
-1
-1
-1
-1
2500	2580	7970	4142	6508	6091	7545	7251
-1
-1
-1
-1
-1
-1
7151
3621	6091	7545	130
-1
-1
-1
-1
-1
-1
-1
-1
-1
-1
-1
3107
-1
-1
-1
5004	3768
-1
-1
-1
4096
-1
-1
-1
-1
-1
-1
-1
-1
-1
3652
-1
-1
-1
-1
-1
-1
-1
-1
-1
-1
3768	5004
-1
-1
-1
3107
-1
-1
6440	3575
-1
-1
-1
-1
-1
-1
-1
-1
-1
-1
-1
6440	3575
-1
-1
-1
-1
-1
-1
-1
-1
-1
-1
-1
-1
-1
-1
-1
-1
-1
-1
-1
-1
-1
-1
-1
-1
-1
-1
-1
-1
-1
3575	6440
-1
-1
-1
-1
-1
-1
-1
-1
-1
-1
7251	2580	2500	2148
-1
7251
-1
-1
-1
-1
-1
-1
-1
-1
-1
-1
-1
-1
-1
-1
-1
-1
-1
-1
-1
-1
-1
-1
6440	3575
6440	3575	5391
-1
-1
-1
-1
-1
-1
-1
-1
-1
-1
-1
-1
-1
-1
-1
-1
-1
-1
-1
-1
-1
-1
-1
-1
-1
-1
-1
-1
-1
-1
3652	7294
-1
-1
-1
-1
-1
6091	3652	7251
-1
-1
2425
-1
-1
-1
-1
-1
-1
-1
3107
-1
-1
3637
-1
3482
-1
-1
-1
-1
-1
-1
-1
-1
-1
-1
-1
-1
-1
-1
-1
8117	771	2148
6440
-1
-1
-1
-1
-1
-1
3637	4292
-1
-1
-1
-1
-1
-1
-1
-1
7251	6091
-1
-1
-1
-1
-1
-1
-1
-1
-1
-1
-1
-1
-1
6440	3575	3652
-1
-1
-1
-1
-1
-1
-1
