2823
6862
4332
2227
6091	7251
9
-1
7018
5398
2227
2728
5917
2378
510
7856
4113
2100
1274
7037
6784
3434	1768
3652	7294	1696	4818
6057
-1
367
4711
1598
-1
2227
-1
-1
3281
5117
6440	3575
3469
6862
8117	771	2148	8019	190
2227
7381
6057	6251
5885
5993
3575
5398
5992
3916
7294	3652
4629	4332
5410
-1
1984
2227
1919
2227
174
7970	2500	4142	7251	6091	7545	130	3652	2580
-1
3575
452
8346
6695
7381
3107
2728
2227
5617
3766
6965	5992
3766
8360	49	5689	1977	4990	3040	2464	3258
3776	3766
3652	7294	1696	4818
7594
667
5566
3107
908
3766
3776
7193
-1
2057
-1
667
5699
580
4287
2227
230
6251
4162
2227
583
-1
-1
-1
6374
254
3637
6669
2148
7037
3685
6737	145	8173	640
3637	7151
8139
3637	4292	1282	8316	2207	4294	2814	5713	906	3652	7294
7151	2580	7251	5089
875
6669
6392
2227
2807
5993
190	5398
-1
4332
8139
4348
6669
3776
2353
6045
-1
4541
2728
2227
3766
5846
701
7037
7037
2751
7463	8072
2227
4136
2227
6508	2580	1416
6022
4833
624
5640	4314	4310	2627	7441
6669
3621	6091	2580	7251
-1
-1
-1
2500	3440	1349
3575	6440	5391
5713	3768
-1
624
7624	4516
8117	771	2148
1903
8150	49	5689	1977	4990	6535	1991
367
1598
2580	7251	2500	1626
1532
4629
4711	8054
3652	7294	1696	4818
367
583
2526
8454	8173	6002
3469	1984
5992	2473
3776
7594
5687
5004
3195
2728
8054	4711
1532
8054	4711	2484
8139
6669	190	190
2227
5993
6324
6773
2728
-1
2923	6381	2913	5439
-1
2207
2227
3776
3776
-1
8054
2728
-1
2728
8139
4113	792	8139	7472
5004	3768
6434
7545	130	6091	3621	4142
701
3420
4987
6817
3916
4629
5220	7207	2353	1626	3227	2580	7970
3776
526	6862
5304
6535
8117
8360	49	5689	1977	4990	3040	2464	3258
6508	4431	4142
2388
2661
2127
2728	7223
7151
6728
1984
6739
3046
6175
6251	6057
2728
6047
3766
8226	8	431	4566	6728	6695	4193	1532	6175	2906	2813	3279	5951	8309	541	2176	310	5247	3475	6214	1510	2100	4516	6297	2807	3676	311	2530	5410	2769
3020	1787	215	5928	49	4949	2767	6125	762	4860	3107
3469
8139
3766
-1
6856
3258	8360	49	5689	4990	3040	2464
198	870
2262	1561
6047	7743
4711
-1
5410
6553	7883
190
7018
-1
-1
6856
3196	2227	2227
5019	3232
2741	2741
-1
7990
6091	7251	7545
667
-1
5220
3279
6842	537	5628
2807
2728
2378
115
3715
3766
313
6669
2887
3575	6440
1768
-1
3766	7037
3349
2767
7980
3469
3281
7990
4711
2887
624
367
988	6669	2227	5199
2741
4113
190
2388
624
3039
2526
3195
7472
3905
6773
7463
-1
5398
4711	3637	4292	1282
367
1984
2728
59	59
8346
4332
6251	6931
2227
624
2807
105
5611
908
4235
8432
4566
1739	7426
190
-1
4541
701
6057
-1
-1
1871
-1
1991
2227
2227
5398	190
667
6586	2896
2227
637
1282	4292	8316	3637	7251	2500	6091	130	3652	7294
3916
6853
-1
2227
7037
4972
5887	4938	7951	2728	7223	2678	7207	5220	2677	4711
7266
5683
7207
5989
4566	3279
6409
2388
7207
311
848
5611	6005	8117	4142	6508
-1
-1
-1
7290
2227
3107
2161
6299
6091
3766
1696	4818	3195	4629	2767	1787
3916
1532
3227
8223
4287	7856
4756
1991	8150
789
4178
-1
7856
667
8117	771	2148
2388
2227
1217
848
8346
7426	2728	7223	3046	2767
3776
7037
5699
2728
310	2227
7037
2227
6374
2741
5958
3766
1768
7018
4422
7990
3492
2227
3766
4879	965	3841	8188	3615	6143	7410	7454	5654
4422	789
3766
4113	8139
7424
7454	4193	5566	792
-1
3766
-1
3776	6016
5482	2207	7697	1696	5713	6165	4818
3776
367
2227
-1
2057	7031	7035	6304	174
3692
6045
6175
667
8139
5993
579
3776
3776
2378
2870
2728
3766
2227
367
8139
105
667
3400
4833	4833	4833
3469	1984
6372	6739	5831	5085	4511	2813	1647	2958	6269
2227
6931	3224	5269	2228	5088	2954	4332	6637	870	251	5425	3195	6057	4629	3724	4923	6251	1531
6458
-1
2227
667
2728
2887	3469	4081
49	2740	5928	215
7426
3939
8438
2801	5175
-1
2801
2580
235
105
2728
5566
5993
6853
367
6921
4235
5085
5304
2227
3232
7381
4178
5713	5992
701
204
190
637	620
1626	7251	1416	2500	7856
1696	1282
-1
6409
1768
6091	3621	7545	130	2353	7652
1626
1991
6669	6853
7001
5566
2378
4711
3966
3281
5993
5896
1488	3195	4530	5298
-1
3232
6842	6495	7856	4992
5699
5398
3766
190	5398
207
2801
4422
2583
3281
4332
7951
6597
3776	3766
3575	6440
5361
2227
667
6773
2728
2741
3594
49	2740	5928	215
919
4178
3776
3766
2227
4235
6773
4248	752
-1
251	1851
2148	6661	4860	2951	1839
6669
7207	4742
3537
3347	6628
8432
3776
5683
3469
8117	771
5738
2728
4629
2227
4629
7317
5333
6760	1965	3731
3195	3685	4629	1643	1193
3637
2227
667
-1
7270	3469	2946	1816	1984	5343
1633
1468	2378
6669
6057
3776
277	1102
8139
3498	3637	4292	1282
2207	5713	4294	4938	2814	6127
667
-1
2227
1282	3637	4292	8316
2590	7475	48	1527
1626	7251
6842
3724
3279
2484	2331
5687
789
4113
624
8125	2070
4081	387
6440	3575	5391	235	460	1769
2741
3469
6669
705
3905
583
-1
7624	4516
2442	3258
174
5993
3652	6440	3575	2580	7294
5304
6990
3195	7441	1095
3281
-1
3776
1282
3776
2807
2227
7685
2484
5186	4301
3766
2227
701
6125
3195
8346
6669
5893
-1
2378
1851
6647	6083	5171	23	1150	6881	8169	3252	2603	4785	729	2298	142	808	1035	220	2519	6308	2741	1448	7692	7327	5520	187	1898	413	4784	6793	3145	115	4410	4631	1109	2444	4124	3920	2583	2428	4617	1601	251	385	6503	8125	4348	1308	3413	654	4272	707	3990	5813	724	2124	7015	2807	6478	6449	198	337	7413	3271	160	1387	7162	8372	1823	2259	4371	7390	7415	6452	5453	7398	2138	1633	6537	5334	550	3203	465	5554	7179	1089	5489	4086	8005	1851	5329	2530	3691	3030	8114	2140	897	8139	482	4646	197	5608	6115	7665	6129	737	295	7687	2882	5114	3350	3957	2612	2021	5625	2216	1176	3365
6628	594	235	2347
1598
8187
3766
2728
1282	8316
6183
-1
7465
-1
2425
701
6508
8346
2890	7212	251	4332	5410	8300	5117	2728
765
2896	2937	4833	5605	405
105
2227
2580
667
4992	6842
168
5893
4301
5967	4938	3046	85	721	906
6440	3575	4142
1984
2227
6091	7251	4142	3652
3908
6864
5896
3992
2580	7970	4142	5088	5998	492	7251	6091	3652	130	7545	2500
6739	7465	758	6818	5738	6899
789
2227
7999
5812
3766
6773
6042
2353	2580	1626	3575	6440
282
6856
2484
6737
1626	2353	7251	4142	3652	6091
6818
2227
6669
3776	6773
6251
8125	654
7970	3621	6508	2500	5089	6091	1416	7545	7251	130	2580	4142
2227
-1
2801
5398
3908
6047
3916
5812
2807	5708
2728
3469
3575
403
-1
-1
3195	4629	6324	4332
49	5689	4990	4712
2526
2227
2070
4235
5993
8117	1626	2500	2148	771	6125	3498	1282
2388
667
1598
667
2801
-1
3766
2011
2227
6597
8346	1696
105
1991
789
2227
4879
6047
2767	49	2740	5928	215
4457
2728
7018
4248	553
789
836	5406	6251
2887
3692	2896
5993
2801
6091	7251	2500	2849	1696	3652	7294
6784
7594	863
4081
1230	8187	4850
8117
6737
3729	6695	2136
2526
3992
-1
5463
637
779	5594
5019	5019
6268	2139
-1
5410	5410
5896
667
5594
6050
7350
3766	3776	6773
3766	3776
2794	4862
6057	6251
1274
1633	7652
1984
1532
5410
6175	4164
367
3991	640
3766
-1
4748
3766
7039
2728
-1
4711
2567
49	7896	2728
7037
1095	4629	7441	4629
8117	771
1532
6409
6669
2823
667
5885
2801
4235
1984
1282	3637	4292
3766
6773
2801
-1
-1
848	4292
1851
6899
6784
2227
2580
5993
2227
2425	2801
8139
8117	2148	771
3481	996
1294
6192
-1
6669
3227
8223
6381	5439	3160	5117
5247
8328
2388
3652
4314	695	1641	3427	2284	1958	6909
105
6192
-1
3637
8117	771
49	4712
7465
5611
1532
-1
-1
6214
6669
8360	4712	49	5689	4990	3040	2464	3258
6669
2227
1871
49
310
908
413
8117	771
8139
3434	7207
3776
6091	7251	4142	3652
1514
6142	1700	6828
2227
2227
2207	5713	4294	2814	6127	4938
3766	7039
6159	4541	2453
8444
3503	2906
5412
2447
3776	3766	6773
6274	226	6274	7037
4923
2728
2728
3382	128	1340
4711
5085
7980
2741
2227
3281
3766
5398
5993
-1
2887
3724
6409
701
2728
2464	3258	2678
3637	4292	1282	8316
4332	3195
8346
6528
3766
752
5993
3420
2691	8346
3232
4371
190
-1
251
6669
3637
789
-1
2388
4629	3195
693
3481	8253
2227
7990
3715	5573	6399
5296
7224
2526
6669
2269
6773
2070
2728
-1
4235
-1
2347	3742	1510	8300	5412
4235
413
6042
2580	7970
-1
2464	3258	2678
4096	4980
3258	8360	49	5689	4990	3040	2464
1585
2741
667
6784	5566
3195	4332
8344	1464
8346
3776
-1
1626
2887
3766
3766
4348
2378
3776
174
875	413
4235
3768	5004	4833	5566	5885
105
7441
3347	5254
2165
2580	3652
3776
6669
5304
6561
7454	3107
6324
4292	3637
3469
3776
-1
190
3766
4142	6091
5896
5398
3195
792
7990
3281
7381
2801
2136
-1
3469
1991
6175
701	4533	6250
5482	4136	7594
6183
4566
3196	2227	4516
-1
3776
4113
-1
1217
7415
105
6440	3575	4142	6508
2378
-1
6666	7001
8344	49
4992
4712	49	3040
2227
295
3776
2227
3776	3766
7381
6047
6856
7043	6397	1555	4434	7043
7915
3776
8346
-1
4566	3279	2583
3420
2728
-1
6784
2484	4999
-1
2801
5620
2580
1841	7236
230
667
6773
4833
5694	972
5304
6669
5699
-1
-1
7188
7465
2127
2284	8307	6397
8117	771	2148
5993
1598	6666
5708
7350
6669
2207	5713	4294	2814	6127
6864
624
4837
4999	3574	6931	4683	415	8432
5361	1851	537	4332	6528	367
4113
4235
7665
2347	4516
5085
168	3475	4392	2693	5410	452	580
3227
7251	2580	49
4629	3195
2378
2227
4541
2353
908
5674
6091	1416	3637	4292
3776
6142	1700	6828
3905
5085
3195	4332	4629	3195
2227
1514
792
5410	1633
2227
5887
5683
2227
6773
1626	2353	5220	7207
3766
6091
7980
8054
7207
105
1984
190	5398
6047
667	235
6428
3766	7037
230
1984
-1
6440	3575
6047
8346
3469
6047
3407	4434
848	4292	5611
721	5482	863	5885
5085
2207	5713	4294	2814	6127
701
2227
3766
2500	6508	2580	7970	6091	7545	130	3621	4142	1416	7251
6669
5699
2227
-1
2388
4516
2580	3652	7294	7970
3939
8344	2284
6042
4879
9
3039	6020
667
7424
6452	190	5398
2906
3046
6669
367
7729
3575
4113
1696	6440	4938
331
-1
5617
3766	230
5398
-1
5917
3776
-1
-1
6669
2378
2227
1626	7251	3637	4292	1282	8316
4287
2227
2353
8300
1282	3637	4292
-1
2678
848	4292	1282	1984
1991
2813	5620	2751	1361	8211	6739	1647
7670
788
2728
4669
789
2580	6440
2227
3469
105	282
3766
8145
2887	1164
6091	7251
3766
8139
2500	5611	2849	5089	1343	3652	2580	6091	7970	3637	4292	1282	8316	7251	7545	130	4142	6508	3723
4711
2580	7970	3575
3869	5925	3766	7001
4516
3637	1282
5896
2011
1991
-1
6669
190
3766	3776	6773
105
6737
3776
1319	105	2227	3196	6833	2165	2484	2227	1388	7460
3481	996	5699
6175
5220	1416	7251	2500	3469	1626	6091	3637
4287
667
3916
2227
667
4923
8438
5410
361
2741
5453	5165	6020
6666	1598
4748
2728
6045
3592
962	1954	8036	7295	7891	2025	6154	1716	6561	6154	5410	1193	3382	4879	2150	6561	2150	1813	128	1193
59
721	2111	6759
2741
5896
6057	3724
5687
1468
3766
230
3281
6586	2937	5694	7390
4113
4837
5594
6784
2728
2227
-1
667
3776
3469
5304
6047
3469	1984
5085
2728
105
1282	8316	1626	7251	4142	7294	3637	4292
2378
6297
6047
1274
3692
4235
4113
6091	7545	1696
4516
6251	6057	6931	2801	527
-1
4629
3776
6669
3469
6995
6669
6784
7480	4610
6409
7594	4136	5189	1558	1904	6965	8	5482
6669
667
3195	2741
-1
2207	2814	7082	6127	5887	4938	7951	6091
6508	4431
1626
1768	3908	2801
4629
5893	1925
2227
2227
789
-1
8117
7039
6057
6057	6251
6669
3575	6440	5391	6459	8173
6399
5699
-1
2728
-1
1502
1514
3469
3195
7390
6669
4516	4547	8306	2313
3469
3637	4292	1282
-1
6214
2728
7970	3621	6508	2500	3652	7294	6091	7545	130	4142	1416	7251	2580
5993
7207
2620
2425	6699
1598
8326
5410
3349
6251	6057	8444
701
2928
8346	1052
8321
4972
2870
6669
6091	4142	7251	3637
4422
174
3281
4712	5689	1977	4990
105
5304
3469	7251
5993
-1
3258	8360	49	5689	4990	3040	2464
848	5611	3469
5917
190
3469
7624	4516
230
2227
-1
705
102
1984
3440	1349	190	527	4335
8316	3637	4292	1282
4235
3469
6251	6057
3637
2578
2801
7426	2728
2227
413
3776
1991
3908
4235
2728
667
4235
5398	8346	4873	190
2728
190
-1
4235
2138
251
105
2425
8054
7465
7990
1514
5846
3776
972	2937	5694
-1
6214
190
8117	771	2148
6183
3469
8150	2740	49	5689	1977	4990	6535	1991
6251	6057
7686
251
1874
3440	1349
8173	697	582
6047
-1
3227	2353	3652
3195
4923
7001
5887
8346	298	6045
367
4533
-1
49	5689	4990
7400	6002
2526
105
750	7693
6728
7056
7039
510
-1
5880	2100	7856	7188
4566
631	5486	3290	6016	552	1928	6773
1919
251
2849	7251
7001
7018
-1
5896
5410	3475
3637	4292	8316	1282
4178
5993
4629
5024	3347	318	5254	1052	3348
8360	49	5689	1977	4990	3040	3258	2464
2728
4301
3766
4235
1877	7465
310
4963	5846
-1
6057
1626	6091	2580	3637	49
792	3232
7390
2728
2180
-1
4711
331
4923
3776
7251	6508	2500	3621	3652	7294	5089	6091	7545	2580	4142	7970	1416	130
5885	3768
6091	3637	4292	1282	8316	7251
5304
6047
6784
6022
-1
6669
2378
5304
7465
4288
3420
1502	3281
5896
3196	2227	2227
3637	4292	1282	8316
3776
1626	2353	3637
105
721	2207	5713	4294	2814	6127	4938	906
7037
667
5893
8444
624
-1
3766
3966	105	3492	510	6057	282	6736	7363	3107	6057	1984	189	2526	4435	62	4332	278	705	3508	4110	2931	4731	7363	6363	788	2269	3630	226	8165	100	6455	5993	6057	3107	6274	354	6467	4055	7920	3438	5992	6666	693	1984
2353	1626	2353	1626
3281
5699
105
3289
6739	2813
2728
3046	7426
2428
5896
3195
3424
4541
4235
6091	130	7545	7251
6297
7207
5775	2977	3489
-1
6440
6669
7279
2227
3776
105
6856
8346
2127
1230	4850
168
2227
7742
8444
1626
3195	4332
2378
1502	3281
5812
8139
2207	5713	4294	2814	6127
4541
2901	5566	6495
5085
477
4292
1532
3766
2228
-1
3766
-1
4711
-1
2227
5269
-1
7018
2728
6508	4431	4142	3723	1416	5089
-1
2227
1991
7441
7037
705
7317	3469	2612	3685	6815	1984	1102	7856
4541
752
-1
3776
996	3481
3766
2728
5989
282
1991
701
8117
7426	2728
8139
3469
5993
7317
6669
282
1768	2801
1294
1502
-1
4850	5941	8187	1230	8444
318
1984
1919
5738
701
6862	82
2284	4383	6472	7685	7632	695	5186	3691	4301
5220	7207
6251	6057
5089	3621	7545	130	3652	2580	7251	7970	3637	4292	1282	8316	6091	4142	6508	3723	2500	5611	2849
3908	7465
5566
4248
5806
6739
5812
5993
3776
3469
3469	1984
-1
8139
3407
6856	5412
2728
3766	3776
2227
2227
2378
2801	8444
-1
7426	3046	2728
7426	4086
5220	897	4332	4287	413	5114	7290	6528	2610	2786	187	7207	457	8321
1787
4711	6165	1696
2906
7037
3776
4833
431
1626	7207	5220
3469	1984
6125	4860	5611	3498
4833
637
318	4742
6990	2176
1626	2353
1919
5896
4711	1696
2728
2227
6440	3575
2741
6057	6251
7207
3575	6440
6057
2281
771	8117	2148
6528
2807	6208	1896	4097
3481	996
-1
5992
8150	49	5689	1977	4990	6535	1991
583
7415
2728
6125	4860
3652	7294	6091	7251	2500	130	8316	4292	1282	3637
6784
7039	4935
1626	3227	2353	7251	1416	2500
-1
3652	7294
1555
2728
6440	3575	5391	4142	6508
190
6508	7251	6091	3652	7294	2580
5410
5708
3637	4292
1502
5117	472	2693
3799	6022	4164	3376	2550	6773	3776
6842
3107
6175
527
3766
701
7350
2580
637
-1
6777	6399	3463	5425	6728	6042
6862
6409
667
190
579
8054	2937
2823	1141	1919	1665	878	1647	2813
6784
667
-1
667	235
1542	3117	5329	6192	5329	5732	3647	3284	526	8438
3776
5031
465
8117
1626	2353
-1
1624	2071	1942	373	2204
6661
4566	3279
6773
2227
-1
8117	771	2148	5967	2026
5708
7426
49	5928	2740	215
6175
2741
431	3254	1229
235	3503	3556
3652
8326
789	2765
2578
4566
2227
3331	7266	2769
3281
4923
1851
2887
5482	2728	3046	2767
6669
5398
4292	1282	8316	3652	7294	2580	7970	6091	3621	7545	130	7251	2500	3637
4136	7594
8117	771	2148
5896
8360	49	4712	5689	1977	4990	3040	2464	3258
2567
2933	1501
5958
4566
3766
2728
6214
2343
-1
624
431
1991
8150	49	5689	1977	4990	6535	1991
190
2227
3766
2801	8444
190	4999
788
3766	6341	7037	347
-1
4435
3776
667
5611
367
5398
190
3481	996	8253
2913
3469
7039
3776	3469
789
2388
-1
3575
7207
-1
3766
452
8316	1626	7251	7294	3637	4292	1282
2227
6990	2530	4879	965	3841
2227
-1
3766
3776	3766
6057	6251
6324
3776
8360	49	345	2442
5993
2347	4516
4873
2227
580
3776
6057
7801
2620	7450
3776
1137	5112	5384	7193	2149	7685	7083
4533	701
2970
5453	4371
2741
1647	2648	2813	1919	1665	878	2751	1361
7856
624
-1
7037
310
5896
1696
848	4292	1282
-1
1543
3195	4332
105
1282
3195	4629
6458
3776
5699
6990
6773
2693
6637
6495	4992	7856
7001
310
6940
8328	7801
5993
-1
6251	6057
6022
3195
8054	6125	5611	2353	848
5687
3481	8253	996	5699
3766
6931
5989	624
7143	2070
4371
4833
4566
3766
2620
2425
7251	2500	1626	4142	2580
-1
7856	3939	3939
190	4533	579	553
4629	3195
2227
7035	2530
4999
-1
667
5896
2388
1991
-1
-1
4178	3420
2751
8360	49	4712	5689	1977	4990	3040	2464	3258
4711	2590
7037
5699
4516
190
6669
-1
6931	6251	6057	2801	2590	2173
2640
1626	1416	2500
190
4629	4332
4113	6830
2227
3195
7037
4288
3766
5085
225	541	2263	4516	2269	6856	5085	5831	5896	1510	8145	311	5806	6175	8
105
-1
972	2937
-1
-1
2227
3594	1985
788	3400
1502	2765	4422	361	3281	789	6737
7010
454
1919
5989
5687
1919
4235
8054
7037
8150	908	49	5689	1977	4990	6535	1991
510
5993
4850
6842
3195	4332
1102
2801
7224	3232
2728
1991
7207	5220
1984
3637
5993
8360	49	4712	5689	1977	4990	3040	2464	3258
4533	190
8117	2148	771
4833	3768	5566	5004	1377
3637
7290
-1
3776
3776
6183
2801
6022
6440
235
3766
8401
8139
4566
8139
-1
3046
701	7263	1365	4629
2227
6773
7154
848
-1
6528
198
6047
235
4533
8150	49	5689	1977	4990	6535	1991
339
-1
667
4434
3776
5398
6862
8150	49	5689	1977	4990	6535	1991
3766
4629
-1
1282	8316	3637	4292
8139
6057
4533	190
105
190	701
4711
-1
6183
7151
2620
3376	8321
8444	8187	5941
8187	5941	3203	7263	1089
5398
2580
2741
8223
7400	344
1416	2580	6508	7545	130	6091	7970	2500	3621	4142	7251
2801	5175	499	7980
7686
-1
4235
2801
3420
4142
4629
3621	7970	2580
2728
4541
3637
105
701	1365
1388	235	2227
1532
8117	771	2148
8316	3637	4292	1282
7465
2728	988
4629
-1
6183
2728
6214	2227
6175
7251	6091
3776
3916
6324
2148	771	8117
-1
701
6159	2474	2613	7104
3469
4833	5605
413
5993
3107	6434
3766
282
6057	6251
7856
6773
5993
5412
6251	6057
7037
367
4178
2014	5683
49
3281
105
2227
2388
5412	1822	2064	5085	6856	8172	7056	6214	4516	389	2227	5893
721	5286
6669
789
5093	6215	3253
4923
6784
1871
667
3372	4056	1713	3284	287	2807	3203
5893	7158
6251	6057
2014	5683
2051
310
7381
-1
667
4533	190	6503
105
2728
4113
2769
6091	130
883
4162
5117
4301
1217
4541
8117	6125	771
3776	6773
2284
105
3776
6251	6057
5893
5410
-1
5031
3494
6192
4178
2887
7251	2500	2580	7970	7545	6091	130	4142	1416	3621	6508
413
1052	318
6669
2453
7775	6637	6818	3107
667
5412
6251	6057
7463
6091	7545
3776
5893	6856
254
3478
6856
1696
2906	238	5425	8005
2728
7812
4629
3776
4652
667
3279
3766
7350
4533	190
8346	8145
105
5220
3766
5812
3776
6931	6057
-1
-1
6022
5398
6047
4533	2447	190
3195	4629	4332
3776
-1
-1
6091	7545
2801
367
6773
2100
1958
5993
6669
4235
6183
2741
3107
8125	6183	2070
6374
6856
7001
2728
405
-1
3789	405	405
6251	6057	6250
5683
8360	49	5689	1977	4990	3040	2464	3258
2578	7188	6777	2439
5993
2025
1502
6214
6268	2846	3289
1282	3637	4292
8150	49	5689	1977	4990	6535	1991
4907	7104	4907	4907	4907	7104	4907	390	7104	295	7687	2428	2428	7668	6159	792	4248
6175
2913
6251	1148
3776	3766
1626
6057	6251	7415
583
190
2580	3575	1984
3766
1871
6091
6183
2227
4711
4206
5410
3916
-1
-1
7801
6169
655
3331	4113	6695
2728
1282	4292	3637
4541
2378
7056
2207	2814	7082	6127	7697	4294	3344
3331
789
6175
654
2741	2021	765	3478	1543	7415	4332	7670	8139	295	7390	1851	5160	2807	724	8372	403	6478
1871
3766
3040
7193
6737
105
3420
3766
2227
6091	7545	5089	7251
6251	6057
5993
3469
3776
6057	6251
190
6392
792
3776
8054
3195	4332	4629
1502
-1
4287
701
5993
-1
583
1991
1991
3481	996
4348
2567
5611
-1
6784
2620
580
7056
8223
4287
7037
2728
6440	3575
3776
4435
3766
2807
7294	3652
6057
5683	2014
2227
2227
190	5398	4999
8139
-1
4097
4712
-1
6251
7018	6990	5687
6057	6251	7001	2801	6842
3776
5247
3453	6341	1848
5812
2227
8438
1502
-1
6269
7037
5683
8117	2148
7151
8117	771	2148
6057
3637
6440	3575
5410
2741
3281
2728	3925
6057	6251	6931
2801
2227
6057
624
3776
7390
49	6125	345	198
7193
2227
5410
4533	190
7029	1193	8234	1193	59	4332	4629	3195
4541
2728
2728
3195	4332
3290	631	5486
2728
6057
7001
7029
6091	7251	4142
6183
2801
3776
5410
5993
667
1919
105
7207	5220	6042
190
6669
7037
4879	105	4371
3776
6042
4833
3349
5117	2693	472
1919
5304
5085
-1
4392
2353
4533
7128	2619	5165	5750	1558	2347	3988	5951	6269	1392	1877	1904	128	2620	7594	1193	4190	2161	1383	7480	6739	3183	6553	6965	5997	7566	2886	5515
3575	6440
1502
2227
3195	2388
282
105
3766
7037
765
6773
-1
5398
105
8306
367
3279
-1
6440	3575
7454
3575
7463	8072
8150
3766
3916
7465
3776
235	5896
413
8346
7999
-1
3990	897
6091
5412
7065
2728
624
3776
3766
3776	3766
4711
4711
2799
7410
2887
5425	5162	289	1749	768	3427
3232
6669
5992	7521	7980	7686	6093
4541
3258	8360	49	5689	4990	3040	2464
721
8223
5674
4235
5893
6853
1696
6324
4533	190
7251	2500	3637	4292	1282
5412
6324
6409
4629	3195
4629
6856	6324	7516	906	8300	4833	4113
5304
2641
8117	2148	771
7251
7207
6784
7465
4813
5398	190
5453	4371
3195
4301
4566
6057	6251
2728
6091
4288
6175
6909	1109	6534	662	6561	6597	5425	3400	311
5687
-1
3789
1137	1555	8388
8117	771	2148	2026
7990
8346
2021
2227
4136
6125	762	4860	2951	1839	3498
5993
-1
2515	883
7037
7294	2580	3637	4292	1282	8316	5888	1626	7251	4142	771	2148
-1
6440
1217	8187	4999
2259
6528	7665
-1
2580
667
1696	6440	3575
8117	2148	771
2353
7472
6251	6057
8346
-1
3776
4711	5917
4113
4541
-1
848	4292
1294
2207	5713	4294	2814	6127	4938
2906
7035	502	1826	7031	4086	6304	7681	151	149	7295	3117	4977	7248	5477	2057
8139
4235
4533
4235
788
2933
2728
5992	2057
3652
4348
1230	8444	4850	5941	8187
5410	4541
4434
2388
4629
6047
5893
3766
190	5398
4057	6392	59	6324	834	1643
2728
-1
5992	8180
2099
2227
6739
3766
4516
105
8117	2148	771
5738
1871
2728
807	5510	7812	8289	5510	6066	2137	6298	5450	6842	2939	413	311	3939	207	1330	6599	6495	7856	6479	8289	7583	287	4992	8454	31	7253	875
3990
3776
510
5412
2353	1626	3227	2580	5220	7207
3253	5093
3766
6274	6093	5410	2913	979
403
6091	721
6091	3637	6005
2716
1598
624
6853	3766
3258	8360	49	5689	4990	3040	2464
6773
5708
105
3766
-1
1052
151
310
4972
105
6586
6091	7251	2500
6175
105
2180
3195
6784
3347	3348	5024
5453	4371
3905
2728
9
4292	1282	8316	1626	7251	3575	6440	5208	3637
1633
8326
2227
7463
6669
4833	5605	5885
3427
4882	6250
2580	7970
8150	49	5689	1977	4990	6535	1991
3258
174
7594	2801
6773
637
-1
3768	5004	4833	5925
6283
2425	6628
6022
5628
4629
413
-1
2728
3427
105
5220
6440	3575
7990
2323
667
190
5304
2801
6661
6251	6057
7465
6299
3195
-1
624
667
3692
2227
1282	3637	4292	8316
-1
1532
1514
8173	582	8328	6251
282
7968	752
5398
8346
2580
6057	6251	7415
2728
3281
4879
2728
465
6125	6091
4992
5887
3905
3258	8360	49	5689	4990	3040	2464
6739
3469
2388
3227	3469
3469
3427	3407	752	105
1282	3637	4292
-1
1502
701
190
7207
2227
2741
6931
2227
6666
3766
3637	8316	4292	1282
2580
4248
848
3776
2728
1871
1928
6669
6091	7251	4142	3652
6047
7056
5220
8054	6125	5611	2353
2227	3196	2227	235
2728
6324
-1
7143
3776
367
6251	6057
8346	8145
8360	49	4712	5689	1977	4990	3040	2464	3258
3905
6669
3195
3766	3776	6773
5674
1919
6773
4711
6784
3349
5220	7207
3046
1984
3258	8360	49	5689	4990	3040	2464
3575
2728
5304
4332
3575
-1
235
705
2887	361	6737
5186
3227
6251
7034	4287	6341	743	3766	7039	347	7037	750	7693
5896
6784
3766
1874
-1
4136	6057
4629
465
-1
7207
2728
1532
8117	771	2148	5020	2026
105	5687	2741
6409
6125	3489	6091
2580	7970
1102
2014	5683
5412
190
6409
2227
3776	6773
6042
2578
6508
7039
8117
2887	1164
5566	2641	2901	4963
-1
282
2227
5992
7290
5993
1896
6251	6057	7390
5304
3766
6669
2801
8300	1510
-1
5398
3344	5887	4938	2207	2814	7082	7951	6127	7697	4294
1273
-1
3195
3766
-1
6057
2425
2767	2728
2180
4833	5605
-1
5967
6856	5893
4434	1839	2635	762	1929	4185	962	6192	128	3731	2661	6561	5640	743	2540	1716	662	4646	8445	1555	2284	6661	6830	2096	4860	2951	6561	4591	1518	2963	586	6125	7665	3877	2590	2530	7896	2740	5786	6534	1458	5814	1991	2652	6629	8150	5408	6811
49	863	5482
3469
2728
8223
701	1365
5997	5515	1233	3183	2619	7018	8019	6856	4833	282	655
2227
5713	2207	7697	4294	6127
2378
5398	190
4923
6458
583
190
743
2227
2227
282
3768	5004	4833
6669
3776	3766
4629
3637	4292	1282	8316
5993
2388
2227
3091
6324	2728	5424
3776
1241
6057	4999	6931
4288
962
2227
3196	2227	4516	2227
3195
3281
2728
3776
2728
2227
3776	6773
701
3372
6251	6057
-1
3776
1919
6495
3776
6045
2728
3575
667
6050	7465
667
6047	3331	3453	7266
7381
7151	5333	1343
7039	4935
6045
6669
5117
6860	3455	4929	6862
3724
251
6495
3347	5254
105
6005	1416	2500	7251
2728
8150	49	5689	1977	4990	6535	1991
7251	2500	1626	4142	2353	3652	2580
7426	1739	8
3723	2500	5611	2849	5089	3652	2580	6091	7970	3637	4292	1282	8316	7251	3621	7545	130	4142	6508
8139
5992
752	6399
5989
-1
452	168
7151
5089	3621	7545	130	3652	7294	2580	7251	7970	3637	4292	1282	8316	6091	4142	6508	3723	2500	5611	2849
3046
6297
5993
1626
7441	4329	6853	5640
4833
7594	863
310
4833
2227
2227
3766
3939	875
3776
1984	3469
174
5412
6528
4235
49	5689	4990	4712
105
3637	1282	4292
105
6183
-1
8150
3766
2728
6669	988	5463
624
6669
1919
5992	527	165	968	4097	4586	6656	2152	7290
3766
3469
5993
7001
5031
848	4292	1282
8054
4332	3195
6597
4711
-1
1532
5220	7207	3992	2284	1458
3766	7037
2728	7426	1739
1308
-1
1724
-1
3637	848
-1
1626
6739
3281
2353	3652
-1
2388
701
1896
3652	7294	2580	7970	6440	3575	5391
3281
5993
1585
3766
5117	116
1984
-1
1531	3724
3469
7037
5812
667
624
2484
3575
-1
4533	190
6737
3489
4629	3195	4629
8150	49	5689	1977	4990	6535	1991
3841	701
105
4516
8150	49	5689	1977	4990	6535	1991
8117	2148	771
999
2741
-1
4235
4541
3766
190	5398
6125	3622	2661	7731	6141
8360	49	5689	1977	4990	3040	2464	3258
2353	7207	5220	527
3469	1984
667	624
3251
6440	2603	3575	7093	2655	1696	3006
6251	6057
7317	3644
2227
6669
6508	4431	4142
3281
3776
235
-1
5031
2951	4907	4907	4907	5195	4907	695	1062	4197	762	7445	3427	1992	4248	3804	2442	345	6777	4907	4853	7574	4860	1463	311
579
4096	4980
1387	1089	3203	2277	7448	4578	5045
1888	4819	2931	5992
1768
1839	6661	762	6125	8054
2378
3652	7294	2580	7970	6440	3575	5391
3227
2388
4541
2165
3481	996
2500	2580	7970	4142	6508	6091	7545	7251
2227
6251	6057	2801	3908	5175	5764	1005
6047
7317
2610
7001
7151
3621	6091	7545	130
4549
3196
-1
174
7207
3469
1626	2353
3766
7290
5993
7037
8	5412	6856	1822	282	105	3107
667
2227
230
5885	5004	3768
7018
190	7980	5398
2353	1626
4096	7415
5410
1626	2353
-1
586	2284	537	6821	5640	3407	282	289	695	2262	1062	7445	3804	3427	238	5814	1749	6597	1555	4434	962	312	105	5797	5425	4907	6561	5814	4907	4248	312	6392	4907	4907	1958	3804	312	1458	5797	5797	1518	4248	5814	4907	4853	1572	5244	3427	5162	6909	1458	3427	6561	6392	752
5993
3841
6251	6057	6931	5888	7563	7001
5989
331
2353	3652
2807
7207
7426
4287
2887
4566
2227
3905
-1
6773
4833	5605	3768	5004
3966
6535	6362	848
667
3107	367	7207
6362	1984	3469	848	6535
5993
6440	3575
1991
8401	5993
49	2740	5928	215
190
6669
7350	7224	7193
-1
5398
105
105
-1
6440	3575
2227
7207
8360	4712	49	5689	1977	4990	3040	2464	3258
2823
5993
1991
3776
2641
4533
5515	863
2227
8346
318	4742
105
-1
2728
7266	3331
6695	6297
2801
-1
2741
3776	3766
7594	2801
277
5410
1502
7037
7465
999
3575	6440
5410
765	8139
4629
1585
4972
310
4748
5993
-1
4422
7251	5611	2580	2500	2148
105
7251	2353	1626	3227	5220	7207
49	5689	1977	4990
701
7624	4516
49
2728
8150	49	5689	1977	4990	6535	1991
3776
1598
-1
8187
2813
3776
3046
85	5046
2284
8360	49	5689	4990	3040	3258
1768	3908	2801
6042
2227
6409
4059
2227
6440	3575
6440	3575	5391
295
7039	4935
1626	2353
5806
2152	6656
4923
667
3776
701
8360	49	4712	5689	1977	4990	3040	2464	3258
1502
3349
5993
7856	6208	4992
4235
6856
190
4516
7594	2801
5893
637
49	5689
848
2741
2092	6418
7390
1991
6057	6251
752
848	3469
3652	7294
6183
5410
5993
3766
8139
6091	3652	7251	1696
367	6931	4873
7112
2425
789
701
3776
8139
6022
5410
2227
235	3107	1319	2377	225	1822	310
5887	4938	7951
3908
3637
5896
3435	3482
8360	49	5689	1977	4990	3040	2464	3258
2388
8150	49	5689	1977	4990	6535	1991
-1
5410
1984
4113
198
7980
4833
4999
3776
5887	5967	1696	4711	5482	1626	2207	2814	7082	6127	7697	4294	3344	7951
2227
6773
8117	771	2148
6440
3729	953	3251
4287
2648
4516
2728
8187
3637	6125	4292
6669
4833
5885	4833	8173
5683
413
6669
6931
5993
7251	6091	1991
5885
7801
6251	5412
5024	3347	318	5254	1052	3348
5142
2728
6372	526
190
8346
7001
6434	3537
8150	49	5689	1977	4990	6535	1991
2741
6440	3575	3652
5812
701
701
5993
2741
7594	4136
2227
