2761
6784
2627
2227
7480
1388
3196
2165
1319
7460
6833
6772
4003
4983
3036
3183
7912
5352
2983
1650
1523
4578
6356
3229
2764
8436
3934
6189
1239
7066
2078
2754
6550
2981
3268
1102
198
3645
3119
915
197
6042
2766
3148
7971
2152
6656
4097
5518
5160
5303
667
2751
389
4175
7316
5296
3349
5061
4868
4509
6639
6637
1531
2744
5998
1187
4897
6625
5088
492
3920
3373
4247
2271
2933
4564
6503
1514
1418
620
9
615
7652
2769
2887
7415
4837
8139
367
204
4287
2284
5993
6528
830
2829
564
846
6468
2576
4740
5493
3427
1147
331
2484
3979
5831
1874
2493
5062
2626
2434
6441
112
7832
6953
4834
5812
6192
2331
2237
5315
7253
6522
3766
7039
347
7037
3203
1213
1633
550
2619
4873
7179
4310
5699
5554
2952
7521
5489
2606
4809
5074
7801
1537
8328
2932
7465
6901
5165
6405
2741
2648
878
5100
1665
5560
6280
3481
996
7742
6830
7566
1131
6931
4102
2970
7351
6739
6372
3594
1170
4579
645
6698
6999
2436
457
6026
743
5928
2610
3893
2530
1478
962
670
7606
6697
8289
7583
7556
5510
8084
6066
413
7856
3738
5329
2919
7103
4905
2452
278
115
3990
1561
2262
7002
976
5112
2807
7193
6450
4161
1308
7043
4866
8321
2190
2269
5215
897
7224
4068
6397
8306
5453
4371
3503
8172
5362
7463
8072
4549
1919
2173
2813
3362
4045
2024
3343
5085
8125
654
5052
3247
945
3835
624
422
1902
5220
7207
6728
724
4617
4348
4178
4011
230
3469
5989
5334
527
7295
4056
3126
6159
6936
2474
2546
7042
3046
3283
6047
6374
1377
2524
6017
7051
6392
1755
752
266
8005
2281
1139
237
1788
6923
1770
7685
2745
7083
1137
2953
4918
586
3913
3478
3737
885
1747
8091
215
2478
7769
4963
2641
4833
5605
1281
6649
2793
2208
7291
3938
2901
1361
8458
1647
6876
6020
1469
5781
6695
2382
5893
3989
7001
6250
7000
405
6773
1511
2566
932
5343
1816
3789
149
2747
6434
5867
7266
2127
470
5395
6849
6847
3466
6845
5551
6844
3552
8433
6092
8438
3284
3499
4630
2649
4574
4435
3095
4972
8432
415
2065
7722
2572
7721
849
37
8081
7667
373
5515
5051
3352
6293
5997
235
1802
3914
5977
4908
5896
208
3420
1793
5452
133
750
5732
6022
760
2149
934
6057
6251
5247
2414
4704
312
282
105
1555
2612
4434
1984
2388
5620
3487
3331
3453
225
2453
5384
1735
1851
6998
7143
471
695
2008
3779
5208
1395
6268
2259
7933
2180
5816
2550
2070
3636
2092
5640
3742
7457
7915
3826
6988
7441
6749
3372
3276
6045
8346
8145
4373
3991
4748
7069
1976
2043
4113
1845
1901
3568
3550
2125
5241
4315
6297
717
4756
5594
7290
4511
2064
2728
7223
8211
6255
1133
257
918
979
8326
4882
8105
1231
3367
4167
780
8035
825
441
1203
7012
6098
5122
2055
5566
1492
1089
1877
6692
1707
1392
5207
1568
3900
7162
2746
1218
2693