3885
1558
3294
8
1544
848
4111
6535
3498
6362
1414
6125
762
7492
4417
8259
49
5689
1977
4990
2463
3040
2464
3258
6543
8334
8360
7969
4114
3188
1689
4268
4365
1400
2466
345
1992
4986
2740
1991
2652
2635
7896
8150
6811
6661
4860
2951
1839
5611
6925
4082
6485
4688
1157
2593
427
6486
6682
2187
7662
6490
349
4896
4275
5046
3018
6663
2380
1696
4136
917
3020
3639
5189
863
5482
4667
6165
8109
2767
2469
2040
1787
85
5888
7563
3717
2781
3603
552
7709
1708
5907
3262
6551
456
5925
6158
7573
8148
2678
2677
4412
4711
5537
8054
631
5486
3290
2799
2353
1626
7594
5231
5967
2207
2814
6263
7082
6127
5713
7697
4294
3344
565
8449
2442
107
7951
4938
5887
4818
1791
1496
3980
2867