283
-1
1789
451
763	762	1317
688
1897
908
-1
451
313
748
649
1040
1185
2683
3064
-1
889
46
1361	2045
72	71	70
2188
170
729
-1
1586
170
451
-1
-1
1649
925
75	76
23
-1
1837	1834	1835	593	870
451
854
2188	2189
1894
757
76
-1
-1
354
72	70	71
1790	1789
-1
-1
-1
451
1495
451
2718
74	1319	762	1317	763	764	765	72	71	1314	73
946
76
2557
-1
-1
854
2285
313
451
150
880
7
880
1013	999	1000	1001	1002	1003	1005	1006	1007
2134	880
72	71	70
2558
605
2920
2285
-1
880
2134
15
3511
2399
134
605
918
2546
-1
451
1638
2189
-1
451
1373
2459
-1
1290
1803
185
479
2193
1835
889
190
1651	1771	2640	1357
479	1286
-1
479	480	481	482	483	324	331	325	329	1906	72	71	70
1286	72	73	1317	1323
1181
2193
1827
451
1268
757
870
474
1789
-1
1615
2193
2134
2457
-1
1292
-1
313
451
880
2091
1157
889
889
607
1473	1474
451
1482
451
1314	1313	73	1318
2135
-1
1562
2585	3708	905	1870	3468	3303	2616
2193
762	766	763	72	73	1317
-1
170
580
1319	1683	1684
76	75	77
329	3117	323	64
-1
1562
99	1171
1837	1834	1835
1558
1148	999	1000	1001	1002	1003	487	1142
729
1586
73	1317	1319
-1
1790
-1
72	71	70
729
1373
-1
1177	2640	4140
23
2800
2134
2558
1115
65
1791
313
-1
-1
813
-1
2193	870	870
451
757
174
1989
205	313	315
3511
-1
-1
324
451
2134
2134
1290
-1
313
474
313
-1
2683	195	1032
65	64
2019
764	765	763	766	762
1157
2116
373
96
354
1790
1589	1590	2457	2469	73	74
2134
3318
644
487
1837
1013	999	1000	1001	1002	1003	1005	1006	1007
1314	1313	1316
2269
1158
2024
313	315	320	321
1286
1594
-1
12
-1
-1
2189	2188
313
1800
880
2581	499	1307	1594	1205	2898	1498	142	1298	1020	4225	2018	2192	3118	1465	1248	3064	1171	1268	1175	1073	706
1493	219	999	4146	1490	4776	4777	1153	2285
23
-1
880
-1
1972
1007	1013	999	1000	1001	1003	1005	1006
58	361
1237	1225	1224
1800	1039
-1
170
-1
527	1666
870
908
170
1290
1972
453	435	451	451
1284
117	117
-1
100
763	762	1154	1317	764
605
170
1589
-1
1067	4209	1957
1268
313
649
1219
4834
880
-1
2193
709
76	75
2045
1290
880	889
663
1490
-1
23
1649
100
-1
709
1562
729
440	2193	451	3616
117
2683
870
2269
1562
126
-1
1791
1032
2953
1989
1473
170
-1
479	480	481
729
-1
313
1847	1847
-1
1789
2189	119
451
1562
1268
2223
-1
-1
3752
2059
1307
2466
870
170
-1
1157
2188
-1
474
3926
-1
1142
451
451
870
605
2186	2187
451
2733
481	483	480	482	479	1317	1319	763	762	765	72	71	70
354
2897
-1
451
889
-1
3031	3030	3029	313	315	320	321	1590	1589
2023
-1
1590
1646
1307
651
2269
1590
1175
485
1320	1837	1313
1612
134
474
2762
451
2285
1949
2505	1018
763	762
880
1791	1790	1490	1493
354
-1
2469
2744
1185
2716
1142	1148
-1
1625
474
1185
605
1837	1834	1835
2269
451
-1
485
-1
313	315	320	321	1490
2134
889
918
313
451
889
451
1803
117
3869
880
2045
908
1647
100
4124
451
880
3137	4821	176	2615	1077	2232
1647
880
2683
783
1205	2920	195
170
880
890
3779	2134
1485	324	330	329
2134
729
451
-1
2399	2400	2402	2401	2718
-1
-1
-1
605
-1
757
1104
2134
2134
649
368
313
880
451
729
-1
2223
605
-1
1897	1897	1897
23
991	12	820	1526	2772	1498	1911	2543	13
451
119	2556	674	1789	668	361	1272	370	1791	2188	1790	4143	1227	2189	669
533	532
-1
451
605
313
709	23	1035
999	1141	219
-1
1180
-1
2047	902
-1
2047
72	73
2108
2223
313
2920
757
2897
729
2705
3752
1526
644
451
1284
854
1625
329
1157
-1
870
2733	687
1317	1318	1319	1185
481
3511
651
2045
763	762	766	764	765	2457	702
-1
1142
2193	2897
1985
2920
649
-1
3290
1649
757
2114
2634	1791	2770
-1
1284
1067	1183	1185	1176
918
-1
880
870
1178
2047
1647
733
1649
1789
3029
634
2134	880
76	75
4408
451
605
1989
313
117
3042	996
999	1141	219
2488
1625
2134
880
451
3752
1989
2430	1829
474
1272	269
1835	1152	1154	1153	1155	1156
2193
1590	257
906
4762	1475
2059
2134
-1
23
1837	1834
1076
313
1790
451
1790
1018	1045	1018	1018
3607
641	2048	1075
1791	190	1790	175	193
479
451
605
474
3165	23	1888	1998	1997
106
649
2193
2188
2134
647	518
-1
479	480	481
324	329	331	3030	3117	325	328
605
-1
451
481	479	480	482	483
638	3584	2452
1317
1067
4143
-1
813	860
1115
-1
2683
1562
286
1035	3404
75	76	77	2108	1975	1976	2872
117
23
2193
-1
2953
1373
1292
99	1171
2804	1007
2718
757
72	71	75	76	73	70	1870
644
1931
1791	1870	2616	2652
1649
170
2134
481
2134
1268
451
1880
813
1981	1982
880
451
1157
4776
1791
-1
2193
1974
4175
649
269
1728	1730	1735	1726	1732	1727	1743	1736	1747	1745	1739	1738	1737	1742	1744	1748	117	1740	1746	1741	1755	734	1749	1174	4295	1752	1751	1219	1750	1754	462	1753	4324	676	733	132	1611	1272	1273	682	1615	1295	4731	1530	2706	815	1223	3518	261	1610	3582	1293	1268	1614	3816	58	4086	1342	1341	1340	1292	1294	2264	3196	2798	473	2501	1414	2913	715	1290	1289	1413	1221	60	106	4003	1653	107	105	3835	111	108	3004	112	2797	216	269	3956	1073	1914	1913	1912	268	18	1830	1074	62	727	3330	5167	1681	3499	2922	730	1113	4844	2225	3732	1729	1733	1734	1731
1368	2681	1475	256	2108	98
1586
2363
880
313
481	482
68
2681
-1
580
92
1157
1314	1313
-1
631	2899	1272	1789	925	313
2509
2187	2182	1896	1897	1988
2223
451
72	73
605
1176	1067
2555
1974
1982
322	3030	3117	1494	2644	1906
75	76
-1
451
763	762	1317	72	71
2046
-1
2114
2911
73	74	762	674	670	675	1317	763	72	71	765	1314	764	1319
12	2075	1421	1076
-1
451
2792
851
880
1989
560
2457	72	73	76	75
2222
1972
813
1651
2457	1317	72	71	763	762
-1
451
2193
2134	1989
2189
1530
74	766	762	1313	1319	1323	763	1318	764	1317	1314	765	73
451
170
2047
-1
2046
1800
354
851
1268	1448	1236
313
23
76
-1
474
1290
1791	1790	174	1789
999	1000	1001	1003	293
-1
451
286
3752
757
1837	1319	1835	1834	4776	481
2269
605
1586
605
2047
170
880
-1
451
634
-1
2223
1142
-1
451
4821
1800
1490	999	1141	219
2449
313
908
2430
-1
2901	449	2189
709
2187
757
2047
763	1317	1319	1322	72	71	70
46
2558
1035
2253	2363	2254
1837
1651
3879	3817
-1
2911	1862
1290
-1
2733
3389	2742
2380	134
2499	1685
72
-1
2114
605
2742
-1
1680
880	2134	1989
880	2134
2533	1806
2188	2189
-1
106	702
-1
-1
-1
197
729
2658	1357
880
134
2659
880
886
313
134
-1
350
999	1147	313	315
889
2652	1790	2616	1870	1790
1837	1834
-1
651
2193
283
605
1894
2047
3752
-1
481	479	480
880
1989
2047
1290
170
485	480
4225	269
-1
46
451
73
757
451
92	2047
-1
1837	1835	1834
-1
617
858
1897
2193
2469
2744
1377	925
2192
941
2269
72	71
3708	4466	5	94	6	3038	4361	4676	1132	3061	5002
2223
858
1282
479
1837	1834
999	293
-1
-1
-1
1292	170
1290
3118
2193
1013	293	999	1000	1001	1003	1005	1006	1007
2193
451
3926
999
-1
-1
1174
1837	1834
-1
1361	1590
2134
763	762	1317	72	71
683
2152	2149	2150
451
451
324	329	331	325	328	3117	3030
880	886
1686	265
2362
1427	2898
1919
2513
2134	880	1989
1230	889
1227
313
313
2447	4520	191	1718
-1
1526
-1
117
451
1649
880
-1
757
1282
709
4143
651
1157
313
1006	1007
479	480	481	482	483
1789	1791
-1
758
880
1829
757
2116
-1
1284
1414
870
1897
1272
2193
479
-1
474
2269
1790	1791
1399
-1
451
100
4834	127
661
160
-1
2193
1362
1989
286
313
-1
3752
-1
98	290	3877	1465	1919
3752
1174
560
73	74
1421
1006	1007
800	801
1007	1013	999	1000	1001	1003	1005	1006
1240
117
605
3511	46	2920
1791	1789
998	3198
-1
2134
3511
-1
709
880
880
1615
649
2134
2718
1181	1174
3752
64	65	2920	1894
2223
2616
4762
454
762	73	71
2134
2193
644
1106
2285
174
480	479
23
2134
-1
870
880
763
2114
-1
1791
195
100
1649
854
2047
3817
1870
23
1142
-1
1157	1948	1986	1645
1485	1482	2558
68
1307
453	435	451	1171
474
2134
2683
-1
-1
715
2223
75	76	1313
649
-1
3606	1985
998	999
1176
293	999	1005
451
1681
2134
451
2134	880
854
1800
1972
1327	4264	19	252	253	1327
2600
2134
-1
-1
1307	733
2116
313
926
46
813
474
2047
1231	2273
73
1540	1541
1638
605
1989
-1
2184	2183
644
2193
918
-1
-1
749
-1
2024
6	19
1837	1834	1835
757
1586	3606
1448
1680
2193
324	329	331	325	328
-1
1562
723
2096	119	2095	693	2060	2059
4408	269	4209	4225	1789	758	729
2683
3752
3330
98	1171
1526
2555	2554	3275	2557	2546
2469
762	1317	72	73	999
1790	1791
649
451
-1
2457
-1
1561
762	763	1318	479	480
2134
2152	2149	2150
2953
1526
1870	1791	1789	1790	1791
451
683
195
106
451
3031
-1
451
1989
2457	1589	1590
880
763
-1
-1
1590
2223
-1
870
1800
605	2108
3264	323
880	889
1638
-1
890
75	76
1800
-1
23
1800
371	253
485	480
2644	1485	1894
1526
324	329	331	325	328
1157
451
880
1319	1313	73	74	763	764	765	762	766	1314	1318	1317
2193
918
451
474
2269
1171
72	73	71	70	74
1180
998	6
560
4821
688
126	1916
605
783
1289	870
2898
-1
2193
729
2138
76
2683
75	3030	3117
95
474
150
880	1638
-1
580
748
2134
580
1870
2193
649
451
1317	479	480	481	482	483
-1
451
2457
-1
481	479	480
474
-1
485	480	481
1142
1498	2273	1816	607	1909	12	1911
994
645
313
298
-1
72	73	762	75
451
23
2223	2222
880
-1
709	4395
763	1317
880
-1
1319	1322	1323	4400	72	71	73	763	74	479	480	481	482	483	1317	762	764	765	1313	1314	1315
-1
72	73	74	76
1858	975	2364	880	1985
1171
479	481
2114
-1
1142
-1
2193
870
880	2134	1989
2223
1651
2134
455	2223	451	453	435	454	813	451	452
918
-1
1589	1318	1317	1319	23	762	763	479
-1
605
354
451
605
1227
-1
-1
1648
117
1413	3657	1916
3606	1586
2659
313
-1
1419
1107	700	3454	335	81	2445	1106	81	193	4208	4821	4724	1106	192	191	193	43
1847
2644	2730	2731	2732
117
2114
2188	4143
1115
-1
880
1638
1649
2186	2182	2184	2913
2683
723
2742
46
313
451
1290
605
2134
23
644
1800
23
1526
313
2223
481	482	483	1317	72	70	479	480
649
-1
1800
-1
-1
3752
2683
763	764
1171
2189	2188	119	2047	1368	1661
-1
1790
2134
2193
23
434
2193
46
-1
651
2558	1482	3307	2916	7	1485
2193
605
1791	117
170
324	325	327	328	3031	3030	3029	763
1314	1313	1316
-1
2045	2046	2047
1790
1974	1975	1970
451
451
-1
890
1837
886
2188
2188	2189
2193
76	75	77	1778	2640
127
918
-1
313
-1
-1
683
23
1791
2913
2193
1171	1420	1411	1412	1143
23
479	480	481
170
3118
313
74	766	762	1313	1319	72	71	70	763	764	765	1318	1317	1314	73
757
1590
137
92
1586
353
-1
663
2189	2188	2362
1157
522
3393
17
-1
368
2193
763	1317	479
1647
2718
1649
293	1000	1002	1003	1001
2223
644
23	1317
757
-1
1007	1013	999	1000	1001	1003	1005	1006
485	23
748
870
23
99	1171
1638
451
-1
-1
2643
-1
1683	1684	870	1661	342
482	479	480	481
3752
23
2189	2188
479
1278
2047
313
451
1174
2134
1142
2046
3752
313
605
3752
904	870
313
870
2681
3752
60
1272
2223
92
-1
-1
100
683
2091
2134
2183	2182	2184
170
3118
870
1837	1834	1835
68
23
1148	1141	999	1000	1001	1002	1003	487	1142
2189	2188
899
1272
-1
1683	1684
2640	1381	2287	1770	1687
1800
134
2469	2457	72	71
1791
1227
1985
3031
147
729
1948	1645	170
3779	3137
999	1000	1001	1003
4060	4140
-1
2223
2127	2129
1594
2563
886
1040
170
2614	3064	1185	749
1307
2374	2375	2376	2461	1989
1495
1272
1322	1317
1985
908
474
2114
2287
479	480	482	481
1625
757
1790
4680	4762	4577	3393	4121
1013	999	1000	1001	1002	1003	1005	1007	1006
313
1982
880
3752
39
-1
1893	2091
474
2188
763	762	73	72	479	999
195	1284
2913
313
2511
-1
-1
95
1227
2134
1317	1313	1319	766	762	72	71	70	1323	763	764	1314	73	74	1318	765
1894	64
763	479	480	481	482	483	72	1317
644
1800
46
2135
72
2193
649
644
-1
1885
2116
1649
2114
453	435	451	451
479	480	481	482	483
2134
2457	72	479
2223
1645	2644	324	329	331	325	328	3030	3117	1906
889
605
1974
2362
1562
474
880
3290	2223	4124	134	1040	2188	1248	2222	2417	1356	2285	2188	31	1789	1214	635	1532	3980	910	1109	1356	1384	645	1362	922	1230	387	757	2188	2285	1058	470	1609	610	1206	3606	1399
2457	2457
1649
918
2223
263	136
12	1498
313
-1
132
2114
1791
258
-1
3752
763	765	764	1317
-1
1590
2535	2537	2566
762
75
2193
-1
451
2134
2223
1972
-1
2024
2253	2254
2555
451
3721
2362
-1
1791	1789
649
1649
851
-1
324	329	331	325	328	323
-1
1905	2920	1183
1526
3326
480
-1
880
2556
2590
880
134
-1
-1
451
-1
134
908
313
1314	1313	1316	1315	1318	1323
1897
451
1142
2616
889
-1
1045	23	2225	190	518	1185	1290
-1
1829
-1
2134
-1
880
313
1646
2222
1142
1157
1837
313	315
-1
23
757
1045
2193
2222
2045	2047
617
-1
170
2254	2363	2253	2362
4577
-1
1495
1076
1157
-1
6	1880	4466	1981	1914	1982
1589	1590
2189	2188
1323	762	766	764	765	72	71	73	1317	74	479	480	481	482	483	763	1313	1314	1315	1319	1322
2046
2920
2430
698
12
851
757
2134
23
23
134
-1
371
1972	1919
313	315
880	2134
451
451
649
2047	2362
474
313	315
2797
1589	18	1789	1174	730	2762	758	2681	3873	3088	734	1590	1037	17
1493
-1
2898
889
2134
1897
499
1590	1589
23
4776	1153	1154
1897
2733
4577	257
1931	2018
2457
1495
2114
-1
313
451
75	76
117
2188	2189
1590
76	75
2188
-1
1834	1837	1835
758
1268	22	592
-1
1612
-1
1148	999	1000	1001	1002	1003	487	1142
1373
715
313
1154	4776	1153
71	483	72	70	763	1317	1319	762	765	482	480	481	479
46
886	884
2469	2457	1317	1318	1319
170
72	71	70
252
313
75	76	77	1313
870
1314	1313	1317	763	72	71	70	73
-1
1448
479	480
-1
925	1243	3275
2135	197	1989	2134
1067
2285
-1
1661
880
1157
1680
73	72
2733
72
3900	127	1595	370	1594	560
-1
651
605
870
1104
2182
283	2243	1495	958	956	1911	1498
46
605
-1
605	2108
3956	3793	858	3044	3956	2128	3416	1862	3318
2134
114
3835
1837
2457
580
410	695	2882	4255	4241	2095	3243	3769
1152
1307
1989
451
474
1837	1834	1835	322	2040
1448
-1
999	1141	219
-1
117
499	497	500
2108	1427	1437
72	71
353
-1
1278
1307
451
2360	2023	706
1649
1227
269
709
1485	313	1490
2193
-1
480	481	482	483	72	71	70	73	74	763	762	766	764	765	1317	1319	479
1482	2558
1837	1834	1835
2114
1013	999	293	1000	1001	1002	1003	1005	1006	1007
350
680
3869
1307
880
313
3118
2500
-1
1562
499
1142
1148	999	1000	1001	1002	1003	487	1142
870
451
880
2047	2362
870
645
880	889	888
72
31
2134
605
-1
729
-1
870
-1
-1
23
886
2134	23
-1
2269
134
76
1590
946
880
2557
482	483	1317	72	70	479	480	481
451
1931	1073	4821
451
-1
880
2134	880
2188	2189
174
2134
1013	999	1070	2804
757
98	1171
904
451
2546
2134
2188
939
137	138	139
2134
1883	1264	3018	4422	15	4331	1880	1882
1948	1157
121
1413	1414
117
1911	955	1498	1495	958	956	607	1909
1185
1562
1645	1290
889
-1
2114
-1
485	480	481
170
1338
1791	1789
2223
481
1791	1790
532	533
2134
918
1931
1989
926	3275
668
1183	1176	1185
1985
-1
1267
941	939
757
-1
2189	2188
2135
1791
4776	2457	485
1115
918
880
119
1646	1562
286
1414
1897
1307
880
137
92
1317	1319	72	73
-1
1185	1180	1180
870	170	1948	1104
1790	1791
451
2402	1073
-1
-1
605
2114
2269
1142
3042
946
1625	2116
607
1013	999	293	1000	1001	1002	1003	1005	1006	1007
-1
889
918
1171
870
2193
890
119	2189	2188	2047	1368	21
1870
1318	1319
870
1790	1789
2683	971
451
1791
889
1885
880
1526
2369	1020	2238	1171	1362	1972	1248	1526	820	2114	1465	1175	698
2223
474
2183	2182
890
-1
451
3042	134	996	2432
645
1647	1648	1649	1651
2589	2590
857
1495
1646
1115
1495
3752
-1
889
1148	999	1000	1001	1002	1003	487	1142
1040
757
2254
1067
1791	1789
518
2047
160	1284
313
1142
1590	1589
-1
479
757
1013	999	293	1000	1001	1002	1003	1005	1006	1007
1948	870
1837	1835	1834
64	2920	65	1813
479
2762
1018
2134
2134
68
2047
2135
75
2108
880
-1
-1
1307
-1
-1
-1
1157	1790
451
1989
978
485
3511
758
58
1800
2108
1948
1148	999	1000	1001	1002	1003	487	1142
187
1897
605
253
2134
-1
-1
1148	999	1000	1001	1002	1003	487	1142
880
1790
3281
481	482	479	480	483
-1
2188
1948	870
2223
170	870	2125	1157
-1
1897
68
1286
137
17
2362	2363
2363	105	3004
-1
73
117
2744
4060	4065
1318	73	762	1314	1313	764	765	763	74	1319	766	1317
2047	902	1871
899
-1
3752
2047
2116
-1
1790
766	762	74	73
313
-1
479
2223
1157
452	2108	451
-1
1837	1834	1835
482	479	483	480	481
-1
313	440
1790
474
68
313
3118	451
-1
1317	763
2134
354
174
1835	1834	1837
1292
1157
1686	1690	1682
23
1897	1896
1174
757
2285	2019
880
2222
2188	2189
1185
1989
757
1919
2189	2188
889
729
1625
2624
999
1649
2223
451
2269
1919	2102	2778	1526	1972	1461	2563	3118	1171	613	451	1974
2644	2645
2193
-1
244	243	242
1227
46
3926
605
2628	1186	1268	105
1974	1973
2189	2188
2624
892
-1
854
-1
605
1948	870	1645	682
2223
313
2683
706
763	762	765
1796
-1
925
1982
-1
-1
1837	4776	1834
2134	1989
6
2223
2134
2189	2188
1974
-1
-1
114
3751
858
1625
709
1317	1319	73	74	764	763	765	1314	1318	762	766	1313
1174
3393	4577
2193
265
668	2285
605
1919
2189	2188
1473
763	764
2134
1231	1974	1972
185
4049
1972
-1
2898	4339	370	216
313
1220
1790
2134
1863
605
-1
880
1680
1948	870
-1
2223
1589
880
851
2134
119	2188
-1
-1
2135
-1
1800
1948	2513	870	170
1791	1790	1789
2134
-1
890
763	764
2047
729
1989
3064
3038
757
2193
3752
68
117
2285
68	286
1803
1972
1985
313
1988
1645
1999	1988	1988
2189	2188	1986
-1
1013	999	1000	1001	1002	1003	1005	1006	1007
1278	749	3900	4575
757
335
-1
3118
2499	3949	136
481	479	480
1148	999	1000	1001	1002	1003	487	1142
2431	1682	2431	2431	2431	1682	2431	4828	1682	1681	3499	132	132	1686	195	2430
-1
-1
2189	829
2134	880
-1
2188	2189	715
1373
870
72	73	76
880
3926
763	762
68
451
-1
2851
-1
354
357
1290
939
4170
2085
2360	2683
313
481	480	479
-1
649
2563
324	325	327	328	330	331	332	333	1645
2360
-1
-1
1530
117	1292	3732	1290	2509	4049	1338	715	1789	994	1681	2913	269	1268	1610	2798	1614
3926
880
1005
15
1651
2223
2116
880
451
763	764	1323	1317
2189	2188
757
23
2134
2188	2189
870
1827
195
2134
-1
1791	1789	1790
-1
-1
-1
1157
757
-1
1373
1142
1142
-1
1615	3518
350
-1
1897
46
137
2546
2563
2744
-1
889
313
75	76
2134
31
880
1268
72	70	71
2188
2624
451
451
870
-1
-1
592	4175
293
134
2189
908	1931	1115
2188	2189	1985	2047	1067
2134
2192
2361	1370
851
451
-1
-1
-1
13
889
-1
1837	1835
1286
1837	1834	1835
2188
479
75	76
-1
117
1649
313	315	164
2188	2189	119
2047
451
2188
1562
2134
1292	2913
999	4776	1070	58
15
451
-1
1948	870
193	193	1847	1789	1790	1791
-1
313
313
1791	1789
2376	2374	2375
313
2188
1985
-1
763	762	1317
68
2047
2134
-1
757
605
1495
2223
1590	1589	560
870
2193
889
4821	2223	1414
2134
560
-1
663
926	925	3275	1243
1495
644
1526
-1
2554
2457
1948	170
172	900	3657	3307	98	78	142	13	40	39	2916	191	137	2558	193	79	1949	128	12	49	3210	527	7	4290	3017	2083
76	75
-1
451
1791	2269
2222
2223
880
889
2509
1989
-1
-1
2223
1411
729
-1
170
75	76
-1
76
1473	1474
1148
880
354
-1
2134
2108	2114
1174
-1
2792
1290
1223	18
763	72
1919
3471
313	315
1562
2134
880
2134	880
-1
-1
-1
1077
709
370	4415	3178	3442	2370	94
1284
2193
899
-1
1007	1013	999	1000	1001	1003	1005	1006
2644
2744
1561
3752
1974
2897
-1
174
1948	870
1317	1319	479	480	481
1919
174
651
1790	1791
1790
1972	174	1958	1906	2683
644
1895
1837	1835	1834
1317
1590
46
-1
2097
870
1413	1414
1791
1982
1307
2188	2189
313
763
1885
-1
4570	4503	3061	462	1061	1060	1106	634	370	352	1175
1115
-1
1999
1883	252	2723
1837	1834	1835	2040
100
-1
3732
451
1482
4776	4777	1153	1155	1154	1156
757
-1
595	1796
889
70	73	479	480	481	482	483	1317	1834	1835	1816	72
-1
75
2363
2501
2681	758	3330
5166
73
605
75	76
1837	1835	1834
2457
1032
2189	2188
-1
-1
2134
748
2683
-1
580
485	480
617
324	329	331	325	328	3030
2898
2402	3044	3046	2853	1862	2400	2797	2401	2986	1850	2004	4212	2987	622	2399
-1
3752
1948
3752
645
680
313
2399
72	71
1615
2253	2362	2254	2363
-1
253
2269
1790
1800
1974
880
870
1827	1847	174	175
313	315
-1
1761
812
451
12
880
1171
2223
1837	1835	1834
1076
3926
313
1136	1220	1133	1136	1138	1633	4791	1067	1568	1174	1175	1180	5166	1178	1182	1179	1183	1185	3160	1133	1134	1186	1176	1177	1632	1181
1223
2134
1040
1919
2457	2469	72	73	1589	1590
242	244
880
-1
-1
763	72	2644
763	479	1320
159
1586
1562
2897	880
1007	1013	999	1000	1001	1003	1005	1006
1989
1448
2223
880
474
3393
1850
-1
-1
2223
2186
763	762	1317	1319
-1
2223
2511
1791
46
5159	4762	4680
1413	1414
2953
313
688
480	481	482	483	1317	76	75	2478	72	479
106
353
451
1473
2193
1896	1897	1894
94
2849	1986
73	74
1148	999	1000	1001	1002	1003	487	1142
1007
2718
2558	2047
1989
2733
580
64	65	2364
885
92	1475
2135
1957
1790
1174
-1
313
94
2223
1589
75	76
100
2650
605
870
644
2047
1152
2189	2188
-1
2505	1018
1791
-1
1562
605
-1
451
481	479	480	482	483
-1
-1
683
2640	1770	941	2189
2222
2480	1829
-1
-1
73	72
2188	2189	715
313
1649
4821
313
3835
4776	763
1176
3031
2953
1007	1013	999	1000	1001	1003	1005	1006
12
23
2269
72	2469	23
23
94	371	1829	2223
481	479	480
-1
-1
1645	1157	170
870
1590
451
117
119
451
3606
880
479	482	483	480	481
72	73
2430
485
2134
313
3926
2461
2193
763	762	1317	72	71
1800
2563
1589
4776	2457
451	453	435	451	2108
313
174
3281
-1
2134
729
2189	2188
-1
1013	999	293	1000	1001	1002	1003	1005	1006	1007
2953
2193
1791
880	2134	1989
1561
1495
1989
-1
46
663
1589	1590
2601
-1
1007	1013	999	1000	1001	1003	1005	1006
76
313
644
1789
76
-1
2108
-1
709	1648	1651
1981
2469
2189
880	886	888	889	2127	2129
2114
46
880
-1
-1
1482	2188
1790
3835
-1
1590
313	315
-1
1837	1834	1835	1836	2040
1248	2223	1115	117
651
4776	2566	763
73	74
518
2624
1919
870
651
451
2134	1989
560
1278
1313	1314
886
1837
709	4395
2920	1895	1897	1905	1893
474
2222
451
-1
2762
757
-1
2189	2188	2913	170
644
880
2193
2047
1465
-1
-1
332	333	3031	3030	324	325	327	3029	328	330	331
-1
-1
1791
880
-1
2188
92
1490	313	315
2511
1896	1897
-1
322
1972	1974
253	1156	1146	4777	1072	1107	858	191	1075	1158	1106	2585	1132	2446	2445	1060	1074	1161	2999	252	6	1152	971	836	1153	1154	1155	1106	1150	4831	4211	4300	4969	4045	4776	4676	1151	3330	3897	1145	1073	1147	1141	1061	1016	1015	1142	1143	1144	2219	1148	1164	1149
999	1485
23
313
2744
1157
4290	2083	2086	49	900	908	593	1972	2222	2085	1897
451
329	324	330	331	328
649
870
1227
532
1373
870
-1
451
451
2222
64	65
2193
2134	880
1790
479	480	481	482	483	72
757
2269
451
2049
174	313	639
2134
-1
2188	119
1885
1107
451
453	435	451	1171	451
1791
1649
313
2134
313
451
2134	1989
1157
2628
2189	2188
1290
2134
1495
1183
2134
-1
313
76
605
-1
605
1800	2360	2361	2023
854
1286	3607	4400
886	884
-1
2193
925
1235	1236
4143
1272
1183
4762
2223
1320	1318	1319	1317
313
1148	999	1000	1001	1002	1003	487	1142
1317	1319	2457	71	73	72
2466
1315	1319	1322	1323	72	71	73	763	74	479	480	481	482	483	1317	762	766	764	765	1313	1314
-1
-1
1829	127
1646
890
2557	1292	2555
1286
1323	762	766	764	765	72	71	70	73	1317	74	479	480	481	482	483	763	1313	1314	1315	1319	1322
-1
-1
757
-1
2616	4020	2897	2585
3511
2558
-1
-1
451
451
880
1180	1181
2134
23
2718
1919
758
3752
999	1000	1001	1003	293
2223
479	481	480
2223
68
890
1148
880
313
2193	440
1562
2193
1495
1661	592	4175	589	587	2762
880
23
757
1985
114
485	480	481
-1
1789	1791
634
-1
-1
-1
1589	1590	2911	6	1132	4676	1016
880	889
313	2466
1295
1645	170
1440	1454
170
479	485
170
-1
12
1649
2457	71
-1
2269
1157
-1
1870	72	71	70	73	74	75	76	77
1649
757
1240
880
926	925	928
-1
-1
669	4143
23
889
851
605
1562
813
76
170
1948	870
1651
2566
1790	1791	1790
1148	999	1000	1001	1002	1003	487	1142
1157
2223
1171
1148	999	1000	1001	1002	1003	487	1142
1837	1835	1834
2721
117
1645
3752
-1
880
870
4776	1162	1158	1159	1160
1013	999	1000	1001	1002	1003	1005	1006	1007
2457	1590	1589	1661
23
605	1562
-1
75	72	76	1055	2727
2189	2188
1045
451
2193
1314	1313	1316
1649
2134
2108
170
114
1155	2431	2431	2431	5002	2431	4466	3719	4058	4777	1062	94	1071	2430	101	2804	1070	3900	2431	102	1031	1153	246	1175
1104
800	801
2264	3004	105	4034	3108
2407	2405
2045
1156	1152	4777	4776
649
1870	72	71	70	73	74	75	76	77
72	2469
2269
-1
454
-1
1319	73	74	1313	1314	763	764	1317
451
2189	2188	2047	2046	902	901	2459
1800
1045
3873
1985
1286
762	766	763	764	765
1480
453
170
2718
1590
23
2457
880
2762
757
889
1919	1972	2102	2222	2223	2285
605
451
1638
1894	65	64
908
870
2457
800	715
-1
2457
3511
4045	6	4209	3015	2585	371	2222	3178	4466	1237	3719	1062	1132	101	94	4339	1015	3442	634	252	253	1107	2221	2223	714	370	2431	1106	1015	2431	2430	4094	2221	1827	2431	2431	3038	101	2221	1016	714	714	4300	2430	1015	2431	102	4676	94	4415	3061	4027	1016	94	1106	1827	1829
757
-1
2189	2188	119	1985
1646
95
2457	71
1268
1590
-1
-1
709
1307
451
2953
508
1989
1896	1897	64	65
3290
487	490	485
605
2285	729	1590
490	23	485	487
757
75	76
1142
757
999	1141	219
870
2193
1680	160	15	4284
72
-1
2223
2223
-1
75	76
451
1590
1013	293	999	1000	1001	1002	1003	1005	1006	1007
283
757
1142
2134
1895
1948
2083
451
-1
4577	257
2223
-1
313
2023	2360
-1
2047
474
117
2134	880
2558	2047
647
-1
-1
889
-1
2721
76	75
-1
2509
1790
1240
-1
-1
2659
757
170
1647
1317	73	1319	1835
2223
1317	2457	2469	1589	1590
999	1000	1001	1002	1003
1157
99	1171
999
313
1148	999	1000	1001	1002	1003	487	1142
2134
1586
170
2363
1231	1498
2134
-1
1494
6
1013	999	1000	1001	1003	1005	1007
2045	2046	2047
560
451
651
-1
451
75	76	72
75	76	77
1681
886	884
2457
698
587	589
1227
605
2134
1157
1013	999	293	1000	1001	1002	1003	1005	1006	1007
-1
663
757
1185	22	1176
3752
1972
870
1171
2558	2047
1974
2733
999	1000	1001
485
117
2584	4551
2913
1142
2188	2189
1829
485	23
72	71	70
68
-1
757
880
-1
763	762	72	71	1317
729	119	904
2743
92
-1
1157
2134
-1
2135
-1
451
2108	2285	455	2369	2102
3031	3030	3029
2046
479
2114
972	2180
1013	999	1000	1001	1002	1003	1005	1006	1007
2269
1148	999	1000	1001	1002	1003	487	1142
-1
-1
-1
2683
58
-1
-1
-1
2134
3031	323	322	1485	324	325	327	328	330	331	332	333	3029
451
1989
1837	1834	1835
75
3879	720
-1
955
1171
313	315
2363
479	4776	480
2193
-1
1894	2640
-1
1174
2193
119
757
1317	763	1142	1143
1894
939
2189	1919
4680	4762	4577	3393	4121
1139
313
991	3318
870
-1
1985
2019	906
1148	999	1000	1001	1002	1003	487	1142
117
75	76	72	71
851
1157
1157
757
117
2558	1482
451
