-1
-1
-1
-1
-1
-1
-1
-1
-1
-1
-1
-1
-1
-1
-1
-1
-1
-1
-1
-1
-1
-1
-1
-1
-1
-1
-1
-1
-1
-1
-1
-1
-1
-1
-1
-1
-1
-1
-1
-1
-1
-1
-1
-1
-1
-1
-1
-1
-1
-1
-1
-1
-1
-1
-1
-1
-1
-1
-1
-1
-1
-1
-1
-1
-1
-1
-1
-1
-1
1013	999	1000	1001	1002	1003	1005	1006	1007
-1
-1
2558
-1
-1
-1
-1
-1
-1
-1
-1
-1
-1
-1
-1
-1
-1
-1
-1
-1
-1
-1
-1
-1
-1
-1
-1
-1
-1
-1
-1
-1
-1
-1
-1
-1
324	331	325	329
-1
-1
-1
-1
-1
-1
-1
-1
-1
-1
-1
-1
-1
-1
2457
-1
-1
-1
-1
-1
-1
-1
-1
-1
-1
-1
-1
-1
1482
-1
-1
-1
-1
-1
-1
-1
-1
-1
-1
-1
-1
-1
329	3117	323
-1
-1
-1
-1
-1
1148	999	1000	1001	1002	1003	487	1142
-1
-1
-1
-1
-1
-1
-1
-1
-1
-1
-1
-1
-1
-1
2558
-1
-1
-1
-1
-1
-1
-1
-1
-1
-1
-1
-1
-1
-1
-1
-1
-1
324
-1
-1
-1
-1
-1
-1
-1
-1
-1
-1
-1
-1
-1
-1
-1
-1
-1
-1
-1
2457
-1
-1
-1
487
-1
1013	999	1000	1001	1002	1003	1005	1006	1007
-1
-1
-1
-1
-1
-1
-1
-1
-1
-1
-1
-1
-1
-1
-1
-1
1493	999	1490	4776	4777	1153
-1
-1
-1
-1
-1
1007	1013	999	1000	1001	1003	1005	1006
-1
-1
-1
-1
-1
-1
-1
-1
-1
-1
-1
-1
-1
-1
-1
-1
-1
1154
-1
-1
-1
-1
-1
-1
-1
-1
-1
-1
-1
-1
-1
-1
-1
-1
-1
-1
-1
1490
-1
-1
-1
-1
-1
-1
-1
-1
-1
-1
-1
-1
-1
-1
-1
-1
-1
-1
-1
-1
-1
-1
-1
-1
-1
-1
-1
-1
-1
-1
-1
-1
-1
-1
-1
-1
-1
-1
-1
-1
-1
-1
-1
-1
-1
-1
-1
-1
-1
-1
1142
-1
-1
-1
-1
-1
-1
-1
-1
-1
-1
-1
-1
-1
-1
3031	3030	3029
-1
-1
-1
-1
-1
-1
-1
-1
-1
485
-1
-1
-1
-1
-1
-1
-1
-1
-1
-1
-1
1490	1493
-1
-1
-1
-1
-1
-1
1142	1148
-1
-1
-1
-1
-1
-1
-1
-1
-1
485
-1
1490
-1
-1
-1
-1
-1
-1
-1
-1
-1
-1
-1
-1
-1
-1
-1
-1
-1
-1
-1
-1
-1
-1
-1
-1
-1
-1
-1
-1
1485	324	330	329
-1
-1
-1
-1
-1
-1
-1
-1
-1
-1
-1
-1
-1
-1
-1
-1
-1
-1
-1
-1
-1
-1
-1
-1
-1
-1
-1
-1
-1
-1
-1
-1
-1
-1
-1
999	1141
-1
-1
-1
-1
-1
-1
-1
-1
-1
-1
-1
-1
-1
-1
-1
-1
-1
-1
-1
-1
-1
-1
329
-1
-1
-1
-1
-1
-1
-1
-1
-1
2457
-1
1142
-1
-1
-1
-1
-1
-1
-1
-1
-1
-1
-1
-1
-1
-1
-1
-1
-1
-1
-1
-1
-1
-1
-1
3029
-1
-1
-1
-1
-1
-1
-1
-1
-1
-1
999	1141
-1
-1
-1
-1
-1
-1
-1
-1
-1
-1
1152	1154	1153	1155	1156
-1
-1
-1
-1
-1
-1
-1
-1
-1
-1
-1
-1
-1
-1
-1
-1
-1
-1
-1
-1
-1
-1
-1
-1
-1
-1
-1
-1
-1
-1
-1
324	329	331	3030	3117	325	328
-1
-1
-1
-1
-1
-1
-1
-1
-1
-1
-1
-1
-1
-1
-1
-1
-1
-1
-1
-1
-1
-1
-1
-1
-1
2804	1007
-1
-1
-1
-1
-1
-1
-1
-1
-1
-1
-1
-1
-1
-1
-1
-1
-1
-1
-1
4776
-1
-1
-1
-1
-1
-1
-1
-1
-1
-1
-1
-1
-1
-1
-1
-1
-1
-1
-1
-1
-1
-1
-1
-1
-1
-1
-1
-1
-1
-1
-1
-1
-1
322	3030	3117	1494
-1
-1
-1
-1
-1
-1
-1
-1
-1
-1
-1
-1
-1
-1
-1
-1
-1
2457
-1
-1
-1
-1
2457
-1
-1
-1
-1
-1
-1
-1
-1
-1
-1
-1
-1
-1
-1
-1
-1
-1
-1
-1
-1
-1
-1
-1
999	1000	1001	1003
-1
-1
-1
-1
-1
4776
-1
-1
-1
-1
-1
-1
-1
-1
-1
-1
-1
-1
1142
-1
-1
-1
-1
1490	999	1141
-1
-1
-1
-1
-1
-1
-1
-1
-1
-1
-1
-1
2558
-1
-1
-1
-1
-1
-1
-1
-1
-1
-1
-1
-1
-1
-1
-1
-1
-1
-1
-1
-1
-1
-1
-1
-1
-1
-1
-1
-1
-1
-1
-1
-1
-1
-1
-1
-1
-1
-1
-1
-1
-1
999	1147
-1
-1
-1
-1
-1
-1
-1
-1
-1
-1
-1
-1
-1
-1
-1
-1
-1
-1
485
-1
-1
-1
-1
-1
-1
-1
-1
-1
-1
-1
-1
-1
-1
-1
-1
-1
-1
-1
-1
-1
-1
-1
-1
-1
-1
-1
-1
999
-1
-1
-1
-1
-1
-1
-1
1013	999	1000	1001	1003	1005	1006	1007
-1
-1
-1
999
-1
-1
-1
-1
-1
-1
-1
-1
-1
-1
-1
-1
324	329	331	325	328	3117	3030
-1
-1
-1
-1
-1
-1
-1
-1
-1
-1
-1
-1
-1
-1
-1
-1
-1
-1
-1
-1
-1
-1
-1
-1
-1
-1
-1
1006	1007
-1
-1
-1
-1
-1
-1
-1
-1
-1
-1
-1
-1
-1
-1
-1
-1
-1
-1
-1
-1
-1
-1
-1
-1
-1
-1
-1
-1
-1
-1
-1
-1
-1
-1
-1
-1
-1
-1
-1
-1
-1
-1
1006	1007
-1
1007	1013	999	1000	1001	1003	1005	1006
-1
-1
-1
-1
-1
-1
-1
-1
-1
-1
-1
-1
-1
-1
-1
-1
-1
-1
-1
-1
-1
-1
-1
-1
-1
-1
-1
-1
-1
-1
-1
-1
-1
-1
-1
-1
-1
-1
-1
-1
-1
-1
-1
-1
-1
-1
-1
-1
-1
1142
-1
-1
1485	1482	2558
-1
-1
-1
-1
-1
-1
-1
-1
-1
-1
-1
-1
-1
-1
999
-1
999	1005
-1
-1
-1
-1
-1
-1
-1
-1
-1
-1
-1
-1
-1
-1
-1
-1
-1
-1
-1
-1
-1
-1
-1
-1
-1
-1
-1
-1
-1
-1
-1
-1
-1
-1
-1
-1
-1
-1
-1
-1
-1
-1
-1
-1
324	329	331	325	328
-1
-1
-1
-1
-1
-1
-1
-1
-1
-1
-1
-1
999
-1
-1
-1
-1
2457
-1
-1
-1
-1
-1
-1
-1
-1
-1
-1
-1
-1
-1
3031
-1
-1
-1
2457
-1
-1
-1
-1
-1
-1
-1
-1
-1
-1
323
-1
-1
-1
-1
-1
-1
-1
-1
-1
-1
485
1485
-1
324	329	331	325	328
-1
-1
-1
-1
-1
-1
-1
-1
-1
-1
-1
-1
-1
-1
-1
-1
-1
-1
-1
-1
-1
-1
-1
-1
-1
-1
-1
3030	3117
-1
-1
-1
-1
-1
-1
-1
-1
-1
-1
-1
-1
-1
-1
-1
-1
2457
-1
-1
-1
-1
485
1142
-1
-1
-1
-1
-1
-1
-1
-1
-1
-1
-1
-1
-1
-1
-1
-1
-1
-1
-1
2364
-1
-1
-1
-1
1142
-1
-1
-1
-1
-1
-1
-1
-1
-1
-1
-1
-1
-1
-1
-1
-1
-1
-1
-1
-1
-1
-1
-1
-1
-1
-1
-1
-1
-1
-1
-1
-1
-1
-1
-1
-1
-1
-1
-1
-1
-1
-1
-1
-1
-1
-1
-1
-1
-1
-1
-1
-1
-1
-1
-1
-1
-1
-1
-1
-1
-1
-1
-1
-1
-1
-1
-1
-1
-1
-1
-1
-1
-1
-1
-1
-1
2558	1482	3307	1485
-1
-1
-1
-1
324	325	327	328	3031	3030	3029
-1
-1
-1
-1
-1
-1
-1
-1
-1
-1
-1
-1
-1
-1
-1
-1
-1
-1
-1
-1
-1
-1
-1
-1
-1
-1
1143
-1
-1
-1
-1
-1
-1
-1
-1
-1
-1
-1
-1
-1
-1
-1
-1
-1
-1
-1
-1
-1
-1
-1
-1
-1
-1
1000	1002	1003	1001
-1
-1
-1
-1
-1
1007	1013	999	1000	1001	1003	1005	1006
485
-1
-1
-1
-1
-1
-1
-1
-1
-1
-1
-1
-1
-1
-1
-1
-1
-1
-1
-1
-1
-1
-1
1142
-1
-1
-1
-1
-1
-1
-1
-1
-1
-1
-1
-1
-1
-1
-1
-1
-1
-1
-1
-1
-1
-1
-1
-1
-1
-1
-1
1148	1141	999	1000	1001	1002	1003	487	1142
-1
-1
-1
-1
-1
-1
-1
-1
2457
-1
-1
-1
3031
-1
-1
-1
-1
999	1000	1001	1003
-1
-1
-1
-1
-1
-1
-1
-1
-1
-1
-1
2374	2375	2376
-1
-1
-1
-1
-1
-1
-1
-1
-1
-1
-1
-1
-1
1013	999	1000	1001	1002	1003	1005	1007	1006
-1
-1
-1
-1
-1
-1
-1
-1
-1
999
-1
-1
-1
-1
-1
-1
-1
-1
-1
-1
-1
-1
-1
-1
-1
-1
-1
-1
-1
-1
-1
-1
-1
-1
-1
-1
-1
-1
2457
-1
324	329	331	325	328	3030	3117
-1
-1
-1
-1
-1
-1
-1
-1
2457	2457
-1
-1
-1
-1
-1
-1
-1
-1
-1
-1
-1
-1
-1
-1
-1
-1
-1
-1
-1
-1
-1
-1
-1
-1
-1
-1
-1
-1
-1
-1
-1
-1
-1
-1
-1
-1
-1
-1
324	329	331	325	328	323
-1
-1
-1
-1
-1
-1
-1
-1
-1
-1
-1
-1
-1
-1
-1
-1
-1
-1
-1
-1
-1
1142
-1
-1
-1
-1
-1
-1
-1
-1
-1
-1
-1
-1
-1
1142
-1
-1
-1
-1
-1
-1
-1
-1
-1
-1
-1
-1
-1
-1
-1
-1
-1
-1
-1
-1
-1
-1
-1
-1
-1
-1
-1
-1
-1
-1
-1
-1
-1
-1
-1
-1
-1
-1
-1
-1
-1
-1
-1
-1
-1
-1
-1
-1
1493
-1
-1
-1
-1
-1
-1
-1
-1
4776	1153	1154
-1
-1
-1
-1
2457
-1
-1
-1
-1
-1
-1
-1
-1
-1
-1
-1
-1
-1
-1
-1
-1
-1
-1
1148	999	1000	1001	1002	1003	487	1142
-1
-1
-1
1154	4776	1153
-1
-1
-1
2457
-1
-1
-1
-1
-1
-1
-1
-1
-1
-1
-1
-1
-1
-1
-1
-1
-1
-1
-1
-1
-1
-1
-1
-1
-1
-1
-1
-1
-1
-1
-1
-1
-1
-1
-1
-1
-1
-1
-1
-1
2457
-1
-1
1152
-1
-1
-1
-1
322
-1
-1
999	1141
-1
-1
-1
-1
-1
-1
-1
-1
-1
-1
-1
-1
-1
-1
-1
1485	1490
-1
-1
-1
1482	2558
-1
-1
1013	999	1000	1001	1002	1003	1005	1006	1007
-1
-1
-1
-1
-1
-1
-1
-1
-1
-1
-1
1142
1148	999	1000	1001	1002	1003	487	1142
-1
-1
-1
-1
-1
-1
-1
-1
-1
-1
-1
-1
-1
-1
-1
-1
-1
-1
-1
-1
-1
-1
-1
-1
-1
-1
-1
-1
-1
-1
-1
-1
-1
-1
-1
-1
-1
-1
1013	999	1070	2804
-1
-1
-1
-1
-1
-1
-1
-1
-1
-1
-1
-1
-1
-1
-1
-1
-1
-1
-1
-1
-1
-1
-1
485
-1
-1
-1
-1
-1
-1
-1
-1
-1
-1
-1
-1
-1
-1
-1
-1
-1
-1
-1
-1
-1
-1
-1
4776	2457	485
-1
-1
-1
-1
-1
-1
-1
-1
-1
-1
-1
-1
-1
-1
-1
-1
-1
-1
-1
-1
-1
-1
-1
-1
1142
-1
-1
-1
-1
1013	999	1000	1001	1002	1003	1005	1006	1007
-1
-1
-1
-1
-1
-1
-1
-1
-1
-1
-1
-1
-1
-1
-1
-1
-1
-1
-1
-1
-1
-1
-1
-1
-1
-1
-1
-1
-1
-1
-1
-1
-1
-1
-1
-1
-1
-1
1148	999	1000	1001	1002	1003	487	1142
-1
-1
-1
-1
-1
-1
-1
-1
-1
1142
-1
-1
-1
-1
1013	999	1000	1001	1002	1003	1005	1006	1007
-1
-1
-1
-1
-1
-1
-1
-1
-1
-1
-1
-1
-1
-1
-1
-1
-1
-1
-1
-1
-1
-1
-1
-1
485
-1
-1
-1
-1
-1
-1
1148	999	1000	1001	1002	1003	487	1142
-1
-1
-1
-1
-1
-1
-1
1148	999	1000	1001	1002	1003	487	1142
-1
-1
-1
-1
-1
-1
-1
-1
-1
-1
-1
-1
-1
-1
-1
-1
-1
-1
-1
-1
-1
-1
-1
-1
-1
-1
-1
-1
-1
-1
-1
-1
-1
-1
-1
-1
-1
-1
-1
-1
-1
-1
-1
-1
-1
-1
-1
-1
-1
-1
-1
-1
-1
-1
-1
-1
-1
-1
-1
-1
-1
-1
-1
-1
-1
-1
-1
-1
-1
-1
-1
-1
-1
-1
999
-1
-1
-1
-1
-1
-1
-1
-1
-1
-1
-1
-1
-1
-1
-1
-1
-1
-1
-1
-1
-1
-1
-1
-1
-1
-1
-1
-1
-1
-1
-1
-1
-1
-1
4776
-1
-1
-1
-1
-1
-1
-1
-1
-1
-1
-1
-1
-1
-1
-1
-1
-1
-1
-1
-1
-1
-1
-1
-1
-1
-1
-1
-1
-1
-1
-1
-1
-1
-1
-1
-1
-1
-1
-1
-1
-1
-1
-1
-1
-1
-1
-1
-1
-1
-1
-1
-1
-1
-1
-1
-1
-1
-1
-1
-1
-1
-1
-1
-1
-1
-1
-1
-1
-1
-1
-1
-1
-1
-1
-1
-1
-1
-1
-1
-1
1013	999	1000	1001	1002	1003	1005	1006	1007
-1
-1
-1
-1
-1
-1
-1
1148	999	1000	1001	1002	1003	487	1142
-1
-1
-1
-1
-1
-1
-1
-1
-1
-1
-1
-1
-1
-1
-1
-1
-1
-1
-1
-1
-1
-1
-1
-1
-1
-1
-1
-1
-1
-1
324	325	327	328	330	331	332	333
-1
-1
-1
-1
-1
-1
-1
1005
-1
-1
-1
-1
-1
-1
-1
-1
-1
-1
-1
-1
-1
-1
-1
-1
-1
-1
-1
-1
-1
-1
-1
-1
-1
1142
1142
-1
-1
-1
-1
-1
-1
-1
-1
-1
-1
-1
-1
-1
-1
-1
-1
-1
-1
-1
-1
-1
-1
-1
-1
-1
-1
-1
-1
-1
-1
-1
-1
-1
-1
-1
-1
-1
-1
-1
-1
-1
-1
-1
-1
-1
-1
-1
-1
-1
-1
-1
-1
-1
-1
-1
-1
-1
-1
-1
-1
999	4776	1070
-1
-1
-1
-1
-1
-1
-1
-1
-1
2376	2374	2375
-1
-1
-1
-1
-1
-1
-1
-1
-1
-1
-1
-1
-1
-1
-1
-1
-1
-1
-1
-1
-1
-1
-1
-1
-1
-1
-1
-1
2457
-1
3307	2558
-1
-1
-1
-1
-1
-1
-1
-1
-1
-1
-1
-1
-1
-1
-1
-1
-1
-1
-1
-1
-1
1148
-1
-1
-1
-1
-1
-1
-1
-1
-1
-1
-1
-1
-1
-1
-1
-1
-1
-1
-1
-1
-1
-1
-1
-1
-1
-1
-1
-1
1007	1013	999	1000	1001	1003	1005	1006
-1
-1
-1
-1
-1
-1
-1
-1
-1
-1
-1
-1
-1
-1
-1
-1
-1
-1
-1
-1
-1
-1
-1
-1
-1
-1
-1
-1
-1
-1
-1
-1
-1
-1
-1
-1
-1
-1
-1
-1
-1
-1
-1
-1
1482
4776	4777	1153	1155	1154	1156
-1
-1
-1
-1
-1
-1
-1
-1
-1
-1
-1
-1
-1
-1
-1
2457
-1
-1
-1
-1
-1
-1
-1
-1
-1
485
-1
324	329	331	325	328	3030
-1
-1
-1
-1
-1
-1
-1
-1
-1
-1
-1
-1
-1
-1
-1
-1
-1
-1
-1
-1
-1
-1
-1
-1
-1
-1
-1
-1
-1
-1
-1
-1
-1
-1
-1
-1
-1
-1
-1
-1
2457
-1
-1
-1
-1
-1
-1
-1
-1
-1
-1
1007	1013	999	1000	1001	1003	1005	1006
-1
-1
-1
-1
-1
-1
-1
-1
-1
-1
-1
-1
-1
-1
-1
-1
-1
-1
-1
-1
-1
-1
-1
-1
-1
-1
-1
-1
-1
-1
-1
-1
1148	999	1000	1001	1002	1003	487	1142
1007
-1
2558
-1
-1
-1
2364
-1
-1
-1
-1
-1
-1
-1
-1
-1
-1
-1
-1
-1
-1
-1
-1
-1
-1
1152
-1
-1
-1
-1
-1
-1
-1
-1
-1
-1
-1
-1
-1
-1
-1
-1
-1
-1
-1
-1
-1
-1
-1
-1
-1
4776
-1
3031
-1
1007	1013	999	1000	1001	1003	1005	1006
-1
-1
-1
-1
-1
-1
-1
-1
-1
-1
-1
-1
-1
-1
-1
-1
-1
-1
-1
-1
-1
485
-1
-1
-1
-1
-1
-1
-1
-1
-1
4776	2457
-1
-1
-1
-1
-1
-1
-1
-1
-1
1013	999	1000	1001	1002	1003	1005	1006	1007
-1
-1
-1
-1
-1
-1
-1
-1
-1
-1
-1
-1
-1
1007	1013	999	1000	1001	1003	1005	1006
-1
-1
-1
-1
-1
-1
-1
-1
-1
-1
-1
-1
-1
-1
-1
-1
-1
-1
1482
-1
-1
-1
-1
-1
-1
-1
-1
-1
4776
-1
-1
-1
-1
-1
-1
-1
-1
-1
-1
-1
-1
-1
-1
-1
-1
-1
-1
-1
-1
-1
-1
-1
-1
-1
-1
-1
-1
-1
-1
332	333	3031	3030	324	325	327	3029	328	330	331
-1
-1
-1
-1
-1
-1
-1
1490
-1
-1
-1
322
-1
1156	1146	4777	1152	1153	1154	1155	1150	4776	1151	1147	1141	1142	1143	1144	1148	1149
999	1485
-1
-1
-1
-1
-1
-1
329	324	330	331	328
-1
-1
-1
-1
-1
-1
-1
-1
-1
-1
-1
-1
-1
-1
-1
-1
-1
-1
-1
-1
-1
-1
-1
-1
-1
-1
-1
-1
-1
-1
-1
-1
-1
-1
-1
-1
-1
-1
-1
-1
-1
-1
-1
-1
-1
-1
-1
-1
-1
-1
-1
-1
-1
-1
-1
-1
-1
-1
-1
-1
-1
-1
-1
1148	999	1000	1001	1002	1003	487	1142
2457
-1
-1
-1
-1
-1
-1
-1
-1
-1
-1
-1
-1
-1
-1
-1
-1
2558
-1
-1
-1
-1
-1
-1
-1
-1
-1
-1
-1
-1
999	1000	1001	1003
-1
-1
-1
-1
-1
1148
-1
-1
-1
-1
-1
-1
-1
-1
-1
-1
-1
-1
485
-1
-1
-1
-1
-1
-1
-1
-1
-1
-1
-1
-1
-1
485
-1
-1
-1
-1
2457
-1
-1
-1
-1
-1
-1
-1
-1
-1
-1
-1
-1
-1
-1
-1
-1
-1
-1
-1
-1
-1
-1
-1
-1
-1
1148	999	1000	1001	1002	1003	487	1142
-1
-1
-1
1148	999	1000	1001	1002	1003	487	1142
-1
-1
-1
-1
-1
-1
-1
-1
4776
1013	999	1000	1001	1002	1003	1005	1006	1007
2457
-1
-1
-1
-1
-1
-1
-1
-1
-1
-1
-1
-1
-1
-1
1155	4777	1071	2804	1070	1153
-1
-1
-1
-1
-1
1156	1152	4777	4776
-1
-1
-1
-1
-1
-1
-1
-1
-1
-1
-1
-1
-1
-1
-1
-1
-1
-1
-1
-1
-1
-1
2457
-1
-1
-1
-1
-1
-1
-1
-1
-1
-1
-1
2457
-1
-1
2457
-1
-1
-1
-1
-1
-1
-1
2457
-1
-1
-1
-1
-1
-1
-1
-1
508
-1
-1
-1
487	490	485
-1
-1
490	485	487
-1
-1
1142
-1
999	1141
-1
-1
-1
-1
-1
-1
-1
-1
-1
-1
-1
1013	999	1000	1001	1002	1003	1005	1006	1007
-1
-1
1142
-1
-1
-1
-1
-1
-1
-1
-1
-1
-1
-1
-1
-1
-1
-1
-1
2558
-1
-1
-1
-1
-1
-1
-1
-1
-1
-1
-1
-1
-1
-1
-1
-1
-1
-1
-1
2457
999	1000	1001	1002	1003
-1
-1
999
-1
1148	999	1000	1001	1002	1003	487	1142
-1
-1
-1
-1
-1
-1
-1
1494
-1
1013	999	1000	1001	1003	1005	1007
-1
-1
-1
-1
-1
-1
-1
-1
-1
-1
2457
-1
-1
-1
-1
-1
-1
1013	999	1000	1001	1002	1003	1005	1006	1007
-1
-1
-1
-1
-1
-1
-1
-1
2558
-1
-1
999	1000	1001
485
-1
-1
-1
1142
-1
-1
485
-1
-1
-1
-1
-1
-1
-1
-1
-1
-1
-1
-1
-1
-1
-1
-1
-1
-1
3031	3030	3029
-1
-1
-1
-1
1013	999	1000	1001	1002	1003	1005	1006	1007
-1
1148	999	1000	1001	1002	1003	487	1142
-1
-1
-1
-1
-1
-1
-1
-1
-1
3031	323	322	1485	324	325	327	328	330	331	332	333	3029
-1
-1
-1
-1
-1
-1
-1
-1
-1
-1
4776
-1
-1
-1
-1
-1
-1
-1
-1
1142	1143
-1
-1
-1
-1
-1
-1
-1
-1
-1
-1
-1
1148	999	1000	1001	1002	1003	487	1142
-1
-1
-1
-1
-1
-1
-1
2558	1482
-1
