-1
-1
-1
-1
763	762	1317
-1
-1
-1
-1
-1
-1
-1
-1
-1
-1
-1
-1
-1
-1
-1
-1
72	71	70
-1
-1
-1
-1
-1
-1
-1
-1
-1
-1
-1
75	76
-1
-1
1837	1834	1835
-1
-1
-1
-1
-1
76
-1
-1
-1
72	70	71
-1
-1
-1
-1
-1
-1
-1
-1
74	1319	762	1317	763	764	765	72	71	1314	73
-1
76
-1
-1
-1
-1
2285
-1
-1
-1
-1
-1
-1
-1
-1
72	71	70
-1
-1
-1
2285
-1
-1
-1
-1
-1
-1
-1
-1
-1
-1
-1
-1
-1
-1
-1
-1
-1
-1
-1
-1
-1
-1
479
-1
1835
-1
-1
-1
479	1286
-1
479	480	481	482	483	72	71	70
1286	72	73	1317	1323
-1
-1
-1
-1
-1
-1
-1
-1
-1
-1
-1
-1
-1
-1
-1
-1
-1
-1
-1
-1
-1
-1
-1
-1
-1
-1
-1
-1
-1
1314	1313	73	1318
-1
-1
-1
-1
-1
762	766	763	72	73	1317
-1
-1
-1
1319	1683
76	75	77
64
-1
-1
-1
1837	1834	1835
-1
-1
-1
-1
73	1317	1319
-1
-1
-1
72	71	70
-1
-1
-1
-1
-1
-1
-1
-1
-1
65
-1
-1
-1
-1
-1
-1
-1
-1
-1
-1
-1
-1
-1
-1
-1
-1
-1
-1
-1
-1
-1
-1
-1
-1
-1
-1
65	64
-1
764	765	763	766	762
-1
-1
373
-1
-1
-1
73	74
-1
-1
-1
-1
1837
-1
1314	1313	1316
-1
1158
-1
-1
1286
-1
-1
-1
-1
-1
-1
-1
-1
-1
-1
2285
-1
-1
-1
-1
-1
-1
-1
-1
-1
-1
-1
-1
-1
-1
-1
-1
-1
-1
-1
-1
-1
-1
-1
763	762	1317	764
-1
-1
-1
-1
-1
-1
-1
-1
-1
-1
-1
-1
-1
-1
76	75
-1
-1
-1
-1
-1
-1
-1
-1
-1
-1
-1
-1
-1
-1
-1
-1
-1
-1
-1
-1
-1
-1
-1
-1
-1
-1
-1
-1
479	480	481
-1
-1
-1
-1
-1
-1
-1
-1
-1
-1
-1
-1
-1
-1
-1
-1
-1
-1
-1
-1
-1
-1
-1
-1
-1
-1
-1
-1
-1
-1
-1
2186	2187
-1
-1
481	483	480	482	479	1317	1319	763	762	765	72	71	70
-1
-1
-1
-1
-1
-1
-1
-1
-1
-1
-1
-1
-1
-1
-1
-1
-1
1320	1837	1313
-1
-1
-1
-1
-1
2285
-1
-1
763	762
-1
-1
-1
-1
-1
-1
-1
-1
-1
-1
-1
-1
-1
-1
1837	1834	1835
-1
-1
-1
-1
-1
-1
-1
-1
-1
-1
-1
-1
-1
-1
-1
-1
-1
-1
-1
-1
-1
-1
-1
-1
-1
-1
-1
-1
-1
-1
-1
-1
-1
-1
-1
-1
-1
-1
-1
-1
-1
-1
-1
-1
-1
-1
-1
-1
-1
-1
-1
-1
-1
-1
-1
-1
-1
-1
-1
-1
-1
-1
-1
-1
532
-1
-1
-1
-1
-1
-1
-1
-1
-1
-1
-1
-1
72	73
-1
-1
-1
-1
-1
-1
-1
-1
-1
-1
-1
-1
-1
-1
-1
-1
-1
-1
-1
-1
1317	1318	1319
481
-1
-1
-1
763	762	766	764	765
-1
-1
-1
-1
-1
-1
-1
-1
-1
-1
-1
-1
-1
-1
-1
-1
-1
-1
-1
-1
-1
-1
-1
-1
-1
-1
-1
-1
76	75
-1
-1
-1
-1
-1
-1
-1
-1
-1
-1
-1
-1
-1
-1
-1
-1
-1
-1
1835
-1
-1
-1
-1
-1
-1
-1
-1
1837	1834
-1
-1
-1
-1
-1
-1
3607
-1
-1
479
-1
-1
-1
-1
-1
-1
-1
-1
-1
-1
-1
479	480	481
-1
-1
-1
-1
481	479	480	482	483
-1
1317
-1
-1
-1
-1
-1
-1
-1
-1
-1
-1
75	76	77
-1
-1
-1
-1
-1
-1
-1
-1
-1
-1
-1
72	71	75	76	73	70
-1
-1
-1
-1
-1
-1
481
-1
-1
-1
-1
-1
-1
-1
-1
-1
-1
-1
-1
-1
-1
-1
-1
-1
-1
-1
-1
-1
-1
-1
481	482
-1
-1
-1
-1
92
-1
1314	1313
-1
-1
-1
2187	2182
-1
-1
72	73
-1
-1
-1
-1
-1
-1
75	76
-1
-1
763	762	1317	72	71
-1
-1
-1
-1
73	74	762	1317	763	72	71	765	1314	764	1319
-1
-1
-1
-1
-1
-1
-1
-1
72	73	76	75
-1
-1
-1
-1
1317	72	71	763	762
-1
-1
-1
-1
-1
-1
74	766	762	1313	1319	1323	763	1318	764	1317	1314	765	73
-1
-1
-1
-1
-1
-1
-1
-1
-1
-1
-1
76
-1
-1
-1
-1
-1
-1
-1
-1
-1
-1
1837	1319	1835	1834	481
-1
-1
-1
-1
-1
-1
-1
-1
-1
-1
-1
-1
-1
-1
-1
-1
-1
-1
-1
-1
-1
-1
-1
-1
-1
2187
-1
-1
763	1317	1319	1322	72	71	70
-1
-1
-1
-1
1837
-1
-1
-1
-1
-1
-1
-1
-1
-1
-1
72
-1
-1
-1
-1
-1
-1
-1
-1
-1
-1
-1
-1
-1
-1
-1
-1
-1
-1
-1
-1
-1
-1
-1
-1
-1
-1
-1
-1
-1
-1
1837	1834
-1
-1
-1
-1
-1
-1
-1
-1
-1
481	479	480
-1
-1
-1
-1
-1
480
-1
-1
-1
-1
73
-1
-1
92
-1
1837	1835	1834
-1
-1
-1
-1
-1
-1
-1
-1
-1
-1
-1
72	71
-1
-1
-1
-1
479
1837	1834
-1
-1
-1
-1
-1
-1
-1
-1
-1
-1
-1
-1
-1
-1
-1
-1
1837	1834
-1
-1
-1
763	762	1317	72	71
-1
-1
-1
-1
-1
-1
-1
-1
-1
-1
-1
-1
-1
-1
-1
-1
-1
-1
-1
-1
-1
-1
-1
-1
-1
-1
-1
-1
-1
-1
-1
-1
-1
479	480	481	482	483
-1
-1
-1
-1
-1
-1
-1
-1
-1
-1
-1
-1
-1
-1
479
-1
-1
-1
-1
-1
-1
-1
-1
-1
-1
-1
-1
-1
-1
-1
-1
-1
-1
-1
-1
-1
-1
-1
-1
73	74
-1
-1
800	801
-1
-1
-1
-1
-1
-1
998
-1
-1
-1
-1
-1
-1
-1
-1
-1
-1
-1
-1
-1
64	65
-1
-1
-1
-1
762	73	71
-1
-1
-1
-1
2285
-1
480	479
-1
-1
-1
-1
-1
763
-1
-1
-1
-1
-1
-1
-1
-1
-1
-1
-1
-1
-1
-1
-1
-1
-1
-1
-1
-1
-1
-1
-1
-1
-1
75	76	1313
-1
-1
-1
998
-1
-1
-1
-1
-1
-1
-1
-1
-1
-1
-1
-1
-1
-1
-1
-1
-1
-1
-1
-1
-1
-1
-1
-1
73
-1
-1
-1
-1
-1
2184	2183
-1
-1
-1
-1
-1
-1
-1
-1
-1
1837	1834	1835
-1
-1
-1
-1
-1
-1
-1
-1
-1
-1
-1
-1
-1
-1
-1
-1
-1
-1
762	1317	72	73
-1
-1
-1
-1
-1
-1
-1
762	763	1318	479	480
-1
-1
-1
-1
-1
-1
-1
-1
-1
-1
-1
-1
-1
-1
-1
-1
763
-1
-1
-1
-1
-1
-1
-1
-1
-1
-1
-1
-1
-1
75	76
-1
-1
-1
-1
-1
480
-1
-1
-1
-1
-1
-1
1319	1313	73	74	763	764	765	762	766	1314	1318	1317
-1
-1
-1
-1
-1
-1
72	73	71	70	74
-1
998
-1
-1
-1
-1
-1
-1
-1
-1
-1
-1
-1
-1
76
-1
75
-1
-1
-1
-1
-1
-1
-1
-1
-1
-1
-1
-1
-1
1317	479	480	481	482	483
-1
-1
-1
-1
481	479	480
-1
-1
480	481
-1
-1
-1
-1
-1
-1
-1
72	73	762	75
-1
-1
-1
-1
-1
-1
763	1317
-1
-1
1319	1322	1323	4400	72	71	73	763	74	479	480	481	482	483	1317	762	764	765	1313	1314	1315
-1
72	73	74	76
1858
-1
479	481
-1
-1
-1
-1
-1
-1
-1
-1
-1
-1
-1
-1
-1
1318	1317	1319	762	763	479
-1
-1
-1
-1
-1
-1
-1
-1
-1
-1
-1
-1
-1
-1
-1
-1
-1
-1
-1
-1
-1
-1
-1
-1
-1
-1
-1
2186	2182	2184
-1
-1
-1
-1
-1
-1
-1
-1
-1
-1
-1
-1
-1
-1
-1
-1
481	482	483	1317	72	70	479	480
-1
-1
-1
-1
-1
-1
-1
763	764
-1
-1
-1
-1
-1
-1
-1
-1
-1
-1
-1
-1
-1
-1
-1
-1
-1
763
1314	1313	1316
-1
-1
-1
-1
-1
-1
-1
-1
1837
-1
-1
-1
-1
76	75	77
-1
-1
-1
-1
-1
-1
-1
-1
-1
-1
-1
-1
-1
479	480	481
-1
-1
-1
74	766	762	1313	1319	72	71	70	763	764	765	1318	1317	1314	73
-1
-1
-1
92
-1
-1
-1
-1
-1
-1
522
-1
-1
-1
-1
-1
763	1317	479
-1
-1
-1
-1
-1
-1
1317
-1
-1
-1
-1
-1
-1
-1
-1
-1
-1
-1
-1
-1
-1
1683
482	479	480	481
-1
-1
-1
479
-1
-1
-1
-1
-1
-1
-1
-1
-1
-1
-1
-1
-1
-1
-1
-1
-1
-1
-1
-1
92
-1
-1
-1
-1
-1
-1
2183	2182	2184
-1
-1
-1
1837	1834	1835
-1
-1
-1
-1
-1
-1
-1
1683
-1
-1
-1
72	71
-1
-1
-1
-1
-1
-1
-1
-1
-1
-1
-1
-1
-1
-1
-1
-1
-1
-1
-1
-1
-1
-1
-1
1322	1317
-1
-1
-1
-1
-1
479	480	482	481
-1
-1
-1
-1
-1
-1
-1
-1
-1
-1
-1
-1
-1
-1
763	762	73	72	479
-1
-1
-1
-1
-1
-1
-1
-1
-1
1317	1313	1319	766	762	72	71	70	1323	763	764	1314	73	74	1318	765
64
763	479	480	481	482	483	72	1317
-1
-1
-1
-1
72
-1
-1
-1
-1
-1
-1
-1
-1
-1
479	480	481	482	483
-1
72	479
-1
-1
-1
-1
-1
-1
-1
-1
-1
2285	2285
-1
-1
-1
-1
-1
-1
-1
-1
-1
-1
-1
-1
-1
-1
763	765	764	1317
-1
-1
2535	2537
762
75
-1
-1
-1
-1
-1
-1
-1
-1
-1
-1
-1
-1
-1
-1
-1
-1
-1
-1
-1
-1
-1
-1
-1
-1
480
-1
-1
-1
-1
-1
-1
-1
-1
-1
-1
-1
-1
-1
1314	1313	1316	1315	1318	1323
-1
-1
-1
-1
-1
-1
-1
-1
-1
-1
-1
-1
-1
-1
-1
-1
-1
-1
1837
-1
-1
-1
-1
-1
-1
-1
-1
-1
-1
-1
-1
-1
-1
-1
-1
-1
-1
-1
-1
-1
1323	762	766	764	765	72	71	73	1317	74	479	480	481	482	483	763	1313	1314	1315	1319	1322
-1
-1
-1
-1
-1
-1
-1
-1
-1
-1
-1
-1
-1
-1
-1
-1
-1
-1
-1
-1
-1
-1
-1
-1
-1
-1
-1
-1
-1
-1
-1
-1
-1
-1
-1
-1
-1
-1
-1
-1
-1
-1
-1
-1
75	76
-1
-1
-1
76	75
-1
-1
1834	1837	1835
-1
-1
-1
-1
-1
-1
-1
-1
-1
-1
71	483	72	70	763	1317	1319	762	765	482	480	481	479
-1
-1
1317	1318	1319
-1
72	71	70
-1
-1
75	76	77	1313
-1
1314	1313	1317	763	72	71	70	73
-1
-1
479	480
-1
-1
-1
-1
2285
-1
-1
-1
-1
-1
73	72
-1
72
-1
-1
-1
-1
-1
-1
2182
-1
-1
-1
-1
-1
-1
-1
-1
-1
1837
-1
-1
-1
-1
-1
-1
-1
-1
1837	1834	1835
-1
-1
-1
-1
-1
-1
-1
72	71
-1
-1
-1
-1
-1
-1
-1
-1
-1
-1
-1
-1
-1
480	481	482	483	72	71	70	73	74	763	762	766	764	765	1317	1319	479
-1
1837	1834	1835
-1
-1
-1
-1
-1
-1
-1
-1
-1
-1
-1
-1
-1
-1
-1
-1
-1
-1
-1
-1
-1
-1
72
-1
-1
-1
-1
-1
-1
-1
-1
-1
-1
-1
-1
-1
-1
-1
76
-1
-1
-1
-1
482	483	1317	72	70	479	480	481
-1
-1
-1
-1
-1
-1
-1
-1
-1
-1
-1
-1
-1
-1
-1
-1
-1
-1
-1
-1
-1
-1
-1
-1
-1
-1
-1
-1
-1
-1
-1
-1
-1
480	481
-1
-1
-1
-1
481
-1
532
-1
-1
-1
-1
-1
-1
-1
-1
-1
-1
-1
-1
-1
-1
-1
-1
-1
-1
-1
-1
-1
-1
-1
-1
-1
-1
-1
-1
92
1317	1319	72	73
-1
-1
-1
-1
-1
-1
-1
-1
-1
-1
-1
-1
-1
-1
-1
-1
-1
-1
-1
-1
-1
-1
-1
-1
-1
-1
1318	1319
-1
-1
-1
-1
-1
-1
-1
-1
-1
-1
-1
-1
2183	2182
-1
-1
-1
-1
-1
-1
2589
-1
-1
-1
-1
-1
-1
-1
-1
-1
-1
-1
-1
-1
-1
-1
-1
-1
-1
-1
-1
-1
479
-1
-1
-1
1837	1835	1834
64	65
479
-1
-1
-1
-1
-1
-1
-1
75
-1
-1
-1
-1
-1
-1
-1
-1
-1
-1
-1
-1
-1
-1
-1
-1
-1
-1
-1
-1
-1
-1
-1
-1
-1
-1
-1
-1
-1
-1
-1
481	482	479	480	483
-1
-1
-1
-1
-1
-1
-1
-1
1286
-1
-1
-1
-1
-1
73
-1
-1
-1
1318	73	762	1314	1313	764	765	763	74	1319	766	1317
-1
-1
-1
-1
-1
-1
-1
-1
766	762	74	73
-1
-1
479
-1
-1
-1
-1
1837	1834	1835
482	479	483	480	481
-1
-1
-1
-1
-1
-1
-1
-1
1317	763
-1
-1
-1
1835	1834	1837
-1
-1
-1
-1
-1
-1
-1
2285
-1
-1
-1
-1
-1
-1
-1
-1
-1
-1
-1
-1
-1
-1
-1
-1
-1
-1
-1
-1
-1
244	242
-1
-1
-1
-1
-1
-1
-1
-1
-1
-1
-1
-1
-1
-1
-1
-1
-1
-1
763	762	765
-1
-1
-1
-1
-1
-1
1837	1834
-1
-1
-1
-1
-1
-1
-1
-1
-1
3751
-1
-1
-1
1317	1319	73	74	764	763	765	1314	1318	762	766	1313
-1
-1
-1
-1
2285
-1
-1
-1
-1
763	764
-1
-1
-1
-1
-1
-1
-1
-1
-1
-1
-1
-1
-1
-1
-1
-1
-1
-1
-1
-1
-1
-1
-1
-1
-1
-1
-1
-1
-1
-1
-1
-1
-1
-1
763	764
-1
-1
-1
-1
-1
-1
-1
-1
-1
-1
2285
-1
-1
-1
-1
-1
-1
-1
-1
-1
-1
-1
-1
-1
-1
-1
-1
-1
481	479	480
-1
-1
-1
-1
-1
-1
-1
-1
-1
-1
72	73	76
-1
-1
763	762
-1
-1
-1
-1
-1
-1
-1
-1
-1
-1
-1
-1
-1
481	480	479
-1
-1
-1
-1
-1
-1
-1
-1
-1
-1
-1
-1
-1
-1
-1
-1
-1
-1
763	764	1323	1317
-1
-1
-1
-1
-1
-1
-1
-1
-1
-1
-1
-1
-1
-1
-1
-1
-1
-1
-1
-1
-1
-1
-1
-1
-1
-1
-1
-1
-1
-1
-1
-1
-1
75	76
-1
-1
-1
-1
72	70	71
-1
-1
-1
-1
-1
-1
-1
-1
-1
-1
-1
-1
-1
-1
-1
-1
-1
-1
-1
-1
-1
-1
-1
-1
1837	1835
1286
1837	1834	1835
-1
479
75	76
-1
-1
-1
-1
-1
-1
-1
-1
-1
-1
-1
-1
-1
-1
-1
-1
-1
-1
-1
-1
-1
-1
-1
-1
-1
-1
763	762	1317
-1
-1
-1
-1
-1
-1
-1
-1
-1
-1
-1
-1
-1
-1
-1
-1
-1
-1
-1
-1
-1
-1
-1
-1
-1
-1
76	75
-1
-1
-1
-1
-1
-1
-1
-1
-1
-1
-1
-1
-1
-1
-1
-1
75	76
-1
76
-1
-1
-1
-1
-1
-1
-1
-1
-1
-1
-1
-1
763	72
-1
-1
-1
-1
-1
-1
-1
-1
-1
-1
-1
-1
-1
-1
-1
-1
-1
-1
-1
-1
-1
-1
-1
-1
-1
-1
-1
1317	1319	479	480	481
-1
-1
-1
-1
-1
-1
-1
-1
1837	1835	1834
1317
-1
-1
-1
-1
-1
-1
-1
-1
-1
-1
-1
763
-1
-1
-1
-1
-1
-1
-1
1837	1834	1835
-1
-1
-1
-1
-1
-1
-1
-1
-1
-1
70	73	479	480	481	482	483	1317	1834	1835	72
-1
75
-1
-1
-1
-1
73
-1
75	76
1837	1835	1834
-1
-1
-1
-1
-1
-1
-1
-1
-1
-1
480
-1
-1
-1
-1
-1
-1
-1
-1
-1
-1
-1
-1
72	71
-1
-1
-1
-1
-1
-1
-1
-1
-1
-1
-1
-1
-1
-1
-1
-1
-1
-1
-1
-1
1837	1835	1834
-1
-1
-1
-1
-1
-1
-1
-1
72	73
242	244
-1
-1
-1
763	72
763	479	1320
-1
-1
-1
-1
-1
-1
-1
-1
-1
-1
-1
-1
-1
-1
-1
2186
763	762	1317	1319
-1
-1
-1
-1
-1
-1
-1
-1
-1
-1
480	481	482	483	1317	76	75	72	479
-1
-1
-1
-1
-1
-1
-1
-1
73	74
-1
-1
-1
-1
-1
-1
-1
64	65
-1
92
-1
-1
-1
-1
-1
-1
-1
-1
-1
75	76
-1
-1
-1
-1
-1
-1
-1
-1
-1
-1
-1
-1
-1
-1
-1
-1
481	479	480	482	483
-1
-1
-1
-1
-1
-1
-1
-1
73	72
-1
-1
-1
-1
-1
-1
763
-1
-1
-1
-1
-1
-1
-1
72
-1
-1
481	479	480
-1
-1
-1
-1
-1
-1
-1
-1
-1
-1
-1
479	482	483	480	481
72	73
-1
-1
-1
-1
-1
-1
-1
763	762	1317	72	71
-1
-1
-1
-1
-1
-1
-1
-1
-1
-1
-1
-1
-1
-1
-1
-1
-1
-1
-1
-1
-1
-1
-1
-1
-1
-1
-1
-1
76
-1
-1
-1
76
-1
-1
-1
-1
-1
-1
-1
-1
-1
-1
-1
-1
-1
-1
-1
-1
-1
-1
-1
-1
1837	1834	1835
-1
-1
763
73	74
-1
-1
-1
-1
-1
-1
-1
-1
-1
1313	1314
-1
1837
-1
-1
-1
-1
-1
-1
-1
-1
-1
-1
-1
-1
-1
-1
-1
-1
-1
-1
-1
-1
-1
-1
-1
-1
92
-1
-1
-1
-1
-1
-1
1158	1161	1164
-1
-1
-1
-1
-1
-1
-1
-1
-1
-1
-1
532
-1
-1
-1
-1
-1
-1
64	65
-1
-1
-1
479	480	481	482	483	72
-1
-1
-1
-1
-1
-1
-1
-1
-1
-1
-1
-1
-1
-1
-1
-1
-1
-1
-1
-1
-1
-1
-1
-1
-1
-1
-1
-1
-1
76
-1
-1
-1
-1
-1
1286	3607	4400
-1
-1
-1
-1
-1
-1
-1
-1
-1
-1
1320	1318	1319	1317
-1
-1
1317	1319	71	73	72
-1
1315	1319	1322	1323	72	71	73	763	74	479	480	481	482	483	1317	762	766	764	765	1313	1314
-1
-1
-1
-1
-1
-1
1286
1323	762	766	764	765	72	71	70	73	1317	74	479	480	481	482	483	763	1313	1314	1315	1319	1322
-1
-1
-1
-1
-1
-1
-1
-1
-1
-1
-1
-1
-1
-1
-1
-1
-1
-1
-1
-1
-1
479	481	480
-1
-1
-1
-1
-1
-1
-1
-1
-1
-1
-1
-1
-1
-1
-1
-1
480	481
-1
-1
-1
-1
-1
-1
-1
-1
-1
-1
-1
-1
-1
479
-1
-1
-1
-1
71
-1
-1
-1
-1
72	71	70	73	74	75	76	77
-1
-1
-1
-1
-1
-1
-1
-1
-1
-1
-1
-1
-1
-1
76
-1
-1
-1
-1
-1
-1
-1
-1
-1
-1
1837	1835	1834
-1
-1
-1
-1
-1
-1
-1
1162	1158	1159	1160
-1
-1
-1
-1
-1
75	72	76
-1
-1
-1
-1
1314	1313	1316
-1
-1
-1
-1
-1
-1
-1
800	801
-1
-1
-1
-1
-1
72	71	70	73	74	75	76	77
72
-1
-1
-1
-1
1319	73	74	1313	1314	763	764	1317
-1
-1
-1
-1
-1
-1
1286
762	766	763	764	765
-1
-1
-1
-1
-1
-1
-1
-1
-1
-1
-1
2285
-1
-1
-1
65	64
-1
-1
-1
800
-1
-1
-1
-1
-1
-1
-1
-1
-1
71
-1
-1
-1
-1
-1
-1
-1
-1
-1
-1
64	65
-1
-1
-1
2285
-1
-1
75	76
-1
-1
-1
-1
-1
-1
72
-1
-1
-1
-1
75	76
-1
-1
-1
-1
-1
-1
-1
-1
-1
-1
-1
-1
-1
-1
-1
-1
-1
-1
-1
-1
-1
-1
-1
-1
-1
-1
-1
-1
-1
76	75
-1
-1
-1
-1
-1
-1
-1
-1
-1
-1
1317	73	1319	1835
-1
1317
-1
-1
-1
-1
-1
-1
-1
-1
-1
-1
-1
-1
-1
-1
-1
-1
-1
-1
-1
-1
-1
-1
75	76	72
75	76	77
-1
-1
-1
-1
-1
-1
-1
-1
-1
-1
-1
-1
-1
-1
-1
-1
-1
-1
-1
-1
-1
-1
-1
-1
-1
-1
-1
-1
-1
-1
72	71	70
-1
-1
-1
-1
-1
763	762	72	71	1317
-1
-1
92
-1
-1
-1
-1
-1
-1
-1
2285
-1
-1
479
-1
2180
-1
-1
-1
-1
-1
-1
-1
-1
-1
-1
-1
-1
-1
-1
-1
1837	1834	1835
75
-1
-1
-1
-1
-1
-1
479	480
-1
-1
-1
-1
-1
-1
-1
-1
1317	763
-1
-1
-1
-1
-1
-1
-1
-1
-1
-1
-1
-1
-1
75	76	72	71
-1
-1
-1
-1
-1
-1
-1
