-1
-1
-1
451
-1
688
1897
-1
-1
451
313
-1
-1
-1
1185
2683
-1
-1
889
46
-1
-1
2188
-1
729
-1
-1
-1
451
-1
-1
-1
-1
-1
23
-1
-1
451
-1
2188	2189
-1
757
-1
-1
-1
-1
-1
-1
-1
-1
-1
451
1495
451
-1
-1
-1
-1
-1
-1
-1
-1
-1
313
451
-1
880
-1
880
-1
880
-1
-1
605
2920
-1
-1
880
-1
15
3511
-1
134
605
918
-1
-1
451
1638
2189
-1
451
-1
-1
-1
1290
1803
-1
-1
-1
-1
889
-1
-1
-1
-1
-1
-1
-1
-1
1827
451
1268
757
-1
-1
-1
-1
1615
-1
-1
-1
-1
1292
-1
313
451
880
-1
-1
889
889
607
1473	1474
451
-1
451
-1
2135
-1
1562
2585	905	1870	3468	3303	2616
-1
-1
-1
-1
580
-1
-1
-1
-1
1562
-1
-1
-1
-1
729
-1
-1
-1
-1
-1
-1
729
-1
-1
-1
23
-1
-1
-1
-1
-1
-1
313
-1
-1
813
-1
-1
451
757
-1
1989
313	315
3511
-1
-1
-1
451
-1
-1
1290
-1
313
-1
313
-1
2683
-1
2019
-1
-1
2116
-1
-1
-1
-1
1589	1590
-1
-1
-1
-1
-1
-1
-1
2269
-1
2024
313	315	320	321
-1
1594
-1
12
-1
-1
2189	2188
313
1800
880
1594	1498	4225	2192	1268	1073	706
219
23
-1
880
-1
-1
-1
58
1237	1225	1224
1800
-1
-1
-1
-1
-1
-1
-1
1290
-1
453	435	451	451
-1
117	117
-1
-1
-1
605
-1
1589
-1
-1
1268
313
-1
1219
-1
880
-1
-1
709
-1
-1
1290
880	889
663
-1
-1
23
-1
-1
-1
709
1562
729
451
117
2683
-1
2269
1562
-1
-1
-1
-1
-1
1989
1473
-1
-1
-1
729
-1
313
-1
-1
-1
2189	119
451
1562
1268
2223
-1
-1
-1
2059
-1
-1
-1
-1
-1
-1
2188
-1
-1
-1
-1
-1
451
451
-1
605
-1
451
-1
-1
-1
-1
-1
451
889
-1
313	315	320	321	1590	1589
2023
-1
1590
1646
-1
-1
2269
1590
-1
-1
-1
-1
134
-1
2762
451
-1
-1
1018
-1
880
-1
-1
-1
-1
-1
1185
2716
-1
-1
1625
-1
1185
605
-1
2269
451
-1
-1
-1
313	315	320	321
-1
889
918
313
451
889
451
1803
117
-1
880
-1
-1
-1
-1
-1
451
880
-1
-1
880
2683
-1
2920
-1
880
890
3779
-1
-1
729
451
-1
-1
-1
-1
-1
605
-1
757
-1
-1
-1
-1
-1
313
880
451
729
-1
2223
605
-1
1897	1897	1897
23
991	12	820	1526	2772	1498	1911
451
119	674	668	2188	2189	669
-1
-1
451
605
313
709	23
219
-1
-1
-1
-1
-1
-1
-1
2108
2223
313
2920
757
-1
729
-1
-1
1526
-1
451
-1
-1
1625
-1
-1
-1
-1
687
1185
-1
3511
-1
-1
702
-1
-1
-1
1985
2920
-1
-1
-1
-1
757
2114
-1
-1
-1
1185
918
-1
880
-1
-1
-1
-1
-1
-1
-1
-1
-1
880
-1
-1
451
605
1989
313
117
3042	996
219
-1
1625
-1
880
451
-1
1989
1829
-1
269
-1
-1
1590
-1
-1
2059
-1
-1
23
-1
-1
313
-1
451
-1
1018	1018	1018
-1
-1
-1
-1
451
605
-1
23	1998	1997
106
-1
-1
2188
-1
518
-1
-1
-1
605
-1
451
-1
-1
-1
-1
-1
-1
813	860
-1
-1
2683
1562
286
-1
2108
117
23
-1
-1
-1
-1
1292
-1
-1
-1
757
1870
-1
-1
1870	2616
-1
-1
-1
-1
-1
1268
451
1880
813
-1
880
451
-1
-1
-1
-1
-1
1974
4175
-1
269
117	1174	1219	676	1611	682	1615	1295	1530	1223	1610	1268	58	1292	3196	2501	1414	715	1290	1413	106	1653	107	105	111	108	3004	112	216	269	3956	1073	18	62	2225
1368	2108
-1
-1
880
313
-1
-1
-1
-1
580
-1
-1
-1
-1
313
-1
1896	1897	1988
2223
451
-1
605
-1
-1
1974
-1
-1
-1
-1
451
-1
-1
-1
2114
-1
674	670	675
12
-1
451
-1
851
880
1989
560
-1
2222
-1
813
-1
-1
-1
451
-1
1989
2189
1530
-1
451
-1
-1
-1
-1
1800
-1
851
1268
313
23
-1
-1
-1
1290
-1
-1
-1
451
286
-1
757
-1
2269
605
-1
605
-1
-1
880
-1
451
-1
-1
2223
-1
-1
451
-1
1800
219
-1
313
-1
-1
-1
2189
709
-1
757
-1
-1
46
-1
-1
-1
-1
-1
-1
-1
1862
1290
-1
-1
2742
134
2499
-1
-1
2114
605
2742
-1
-1
880	1989
880
-1
2188	2189
-1
106	702
-1
-1
-1
-1
729
2658
880
134
2659
880
886
313
134
-1
-1
313	315
889
2616	1870
-1
-1
-1
-1
-1
605
-1
-1
-1
-1
-1
880
1989
-1
1290
-1
-1
4225	269
-1
46
451
-1
757
451
-1
-1
-1
-1
-1
858
1897
-1
-1
-1
-1
2192
941
2269
-1
4466	94	6	4676
2223
858
-1
-1
-1
-1
-1
-1
-1
1292
1290
-1
-1
-1
-1
451
-1
-1
-1
-1
1174
-1
-1
1590
-1
-1
683
-1
451
451
-1
880	886
1686	265
-1
1427
-1
-1
880	1989
889
-1
313
313
-1
-1
1526
-1
117
451
-1
880
-1
757
-1
709
-1
-1
-1
313
-1
-1
-1
-1
758
880
1829
757
2116
-1
-1
1414
-1
1897
-1
-1
-1
-1
-1
2269
-1
-1
-1
451
-1
-1
661
160
-1
-1
1362
1989
286
313
-1
-1
-1
290
-1
1174
560
-1
-1
-1
-1
-1
-1
117
605
3511	46	2920
-1
-1
-1
-1
3511
-1
709
880
880
1615
-1
-1
-1
1174
-1
2920
2223
2616
-1
454
-1
-1
-1
-1
-1
-1
-1
-1
23
-1
-1
-1
880
-1
2114
-1
-1
-1
-1
-1
-1
-1
-1
1870
23
-1
-1
1986
-1
-1
-1
453	435	451
-1
-1
2683
-1
-1
715
2223
-1
-1
-1
1985
-1
-1
-1
451
-1
-1
451
880
-1
1800
-1
1327	19	252	253	1327
2600
-1
-1
-1
-1
2116
313
-1
46
813
-1
-1
1231	2273
-1
-1
1638
605
1989
-1
-1
-1
-1
918
-1
-1
-1
-1
2024
6	19
-1
757
-1
-1
-1
-1
-1
-1
1562
723
119	2060	2059
269	4225	758	729
2683
-1
-1
-1
1526
3275
-1
-1
-1
-1
451
-1
-1
-1
-1
-1
-1
-1
-1
1526
1870
451
683
-1
106
451
-1
-1
451
1989
1589	1590
880
-1
-1
-1
1590
2223
-1
-1
1800
605	2108
-1
880	889
1638
-1
890
-1
1800
-1
23
1800
253
-1
-1
1526
-1
-1
451
880
-1
-1
918
451
-1
2269
-1
-1
-1
6
560
-1
688
1916
605
-1
-1
-1
-1
-1
729
-1
-1
2683
-1
95
-1
-1
880	1638
-1
580
-1
-1
580
1870
-1
-1
451
-1
-1
451
-1
-1
-1
-1
-1
-1
-1
1498	2273	1816	607	1909	12	1911
-1
-1
313
-1
-1
-1
451
23
2223	2222
880
-1
709
-1
880
-1
-1
-1
-1
880	1985
-1
-1
2114
-1
-1
-1
-1
-1
880	1989
2223
-1
-1
455	2223	451	453	435	454	813	451	452
918
-1
1589	23
-1
605
-1
451
605
-1
-1
-1
-1
117
1413	3657	1916
-1
2659
313
-1
-1
1107
-1
-1
117
2114
2188
-1
-1
880
1638
-1
-1
2683
723
2742
46
313
451
1290
605
-1
23
-1
1800
23
1526
313
2223
-1
-1
-1
1800
-1
-1
-1
2683
-1
-1
2189	2188	119	1368	1661
-1
-1
-1
-1
23
-1
-1
46
-1
-1
-1
-1
605
117
-1
-1
-1
-1
-1
-1
1974
451
451
-1
890
-1
886
2188
2188	2189
-1
-1
-1
918
-1
313
-1
-1
683
23
-1
-1
-1
1411
23
-1
-1
-1
313
-1
757
1590
-1
-1
-1
353
-1
663
2189	2188
-1
-1
-1
17
-1
-1
-1
-1
-1
-1
-1
-1
2223
-1
23
757
-1
-1
23
-1
-1
23
-1
1638
451
-1
-1
-1
-1
1661
-1
-1
23
2189	2188
-1
-1
-1
313
451
1174
-1
-1
-1
-1
313
605
-1
904
313
-1
-1
-1
-1
-1
2223
-1
-1
-1
-1
683
-1
-1
-1
-1
-1
-1
-1
-1
23
-1
2189	2188
-1
-1
-1
-1
-1
1800
134
-1
-1
-1
1985
-1
-1
729
-1
3779
-1
-1
-1
2223
2127
1594
-1
886
-1
-1
1185
-1
1989
1495
-1
-1
1985
-1
-1
2114
-1
-1
1625
757
-1
-1
-1
313
-1
880
-1
39
-1
1893
-1
2188
-1
-1
-1
313
2511
-1
-1
95
-1
-1
-1
-1
-1
-1
1800
46
2135
-1
-1
-1
-1
-1
-1
2116
-1
2114
453	435	451	451
-1
-1
-1
2223
-1
889
605
1974
-1
1562
-1
880
2223	134	2188	2222	2188	31	1214	1362	757	2188
-1
-1
918
2223
-1
12	1498
313
-1
-1
2114
-1
-1
-1
-1
-1
-1
1590
-1
-1
-1
-1
-1
451
-1
2223
-1
-1
2024
-1
-1
451
3721
-1
-1
-1
-1
-1
851
-1
-1
-1
1905	2920
1526
-1
-1
-1
880
-1
-1
880
134
-1
-1
451
-1
134
-1
313
-1
1897
451
-1
2616
889
-1
23	2225	518	1185	1290
-1
1829
-1
-1
-1
880
313
1646
2222
-1
-1
-1
313	315
-1
23
757
-1
-1
2222
-1
-1
-1
-1
-1
-1
-1
1495
-1
-1
-1
6	1880	4466
1589	1590
2189	2188
-1
-1
2920
-1
-1
12
851
757
-1
23
23
134
-1
-1
-1
313	315
880
451
451
-1
-1
-1
313	315
-1
1589	18	1174	2762	758	3873	1590	1037	17
-1
-1
-1
889
-1
1897
-1
1590	1589
23
-1
1897
-1
-1
-1
-1
1495
2114
-1
313
451
-1
117
2188	2189
1590
-1
2188
-1
-1
758
1268	592
-1
-1
-1
-1
-1
715
313
-1
-1
46
886
-1
-1
-1
252
313
-1
-1
-1
-1
-1
-1
-1
3275
2135	1989
-1
-1
-1
1661
880
-1
-1
-1
-1
-1
1594	560
-1
-1
605
-1
-1
-1
1495	958	956	1911	1498
46
605
-1
605	2108
3956	858	3956	2128	1862
-1
-1
-1
-1
-1
580
4241
-1
-1
1989
451
-1
-1
-1
-1
219
-1
117
-1
2108	1427
-1
353
-1
-1
-1
451
2360	2023	706
-1
-1
269
709
313
-1
-1
-1
-1
-1
2114
-1
-1
680
-1
-1
880
313
-1
-1
-1
1562
-1
-1
-1
-1
451
880
-1
-1
-1
880	889	888
-1
31
-1
605
-1
729
-1
-1
-1
-1
23
886
23
-1
2269
134
-1
1590
-1
880
-1
-1
451
1073
451
-1
880
880
2188	2189
-1
-1
-1
757
-1
904
451
-1
-1
2188
939
-1
-1
1883	1264	4422	15	4331	1880	1882
-1
121
1413	1414
117
1911	955	1498	1495	958	956	607	1909
1185
1562
1290
889
-1
2114
-1
-1
-1
-1
-1
2223
-1
-1
-1
-1
918
-1
1989
3275
668
1185
1985
-1
-1
941	939
757
-1
2189	2188
2135
-1
-1
-1
918
880
119
1646	1562
286
1414
1897
-1
880
-1
-1
-1
-1
1185
-1
-1
451
1073
-1
-1
605
2114
2269
-1
3042
-1
1625	2116
607
-1
-1
889
918
-1
-1
-1
890
119	2189	2188	1368	21
1870
-1
-1
-1
2683	971
451
-1
889
-1
880
1526
2369	1362	1526	820	2114
2223
-1
-1
890
-1
451
3042	134	996
-1
-1
-1
-1
1495
1646
-1
1495
-1
-1
889
-1
-1
757
-1
-1
-1
518
-1
160
313
-1
1590	1589
-1
-1
757
-1
-1
-1
2920	1813
-1
2762
1018
-1
-1
-1
-1
2135
-1
2108
880
-1
-1
-1
-1
-1
-1
-1
451
1989
-1
-1
3511
758
58
1800
2108
-1
-1
-1
1897
605
253
-1
-1
-1
-1
880
-1
-1
-1
-1
2188
-1
2223
-1
-1
1897
-1
-1
-1
17
-1
105	3004
-1
-1
117
-1
-1
-1
-1
-1
-1
-1
-1
2116
-1
-1
-1
313
-1
-1
2223
-1
452	2108	451
-1
-1
-1
-1
313
-1
-1
-1
313
451
-1
-1
-1
-1
-1
-1
1292
-1
1686	1690
23
1897	1896
1174
757
2019
880
2222
2188	2189
1185
1989
757
-1
2189	2188
889
729
1625
-1
-1
-1
2223
451
2269
2778	1526	1461	613	451	1974
-1
-1
-1
-1
-1
46
-1
605
2628	1268	105
1974
2189	2188
-1
-1
-1
-1
-1
605
682
2223
313
2683
706
-1
-1
-1
-1
-1
-1
-1
-1
1989
6
2223
-1
2189	2188
1974
-1
-1
-1
-1
858
1625
709
-1
1174
-1
-1
265
668
605
-1
2189	2188
1473
-1
-1
1231	1974
-1
4049
-1
-1
216
313
-1
-1
-1
-1
605
-1
880
-1
-1
-1
2223
1589
880
851
-1
119	2188
-1
-1
2135
-1
1800
-1
-1
-1
-1
890
-1
-1
729
1989
-1
-1
757
-1
-1
-1
117
-1
286
1803
-1
1985
313
1988
-1
1999	1988	1988
2189	2188	1986
-1
-1
-1
757
-1
-1
-1
2499
-1
-1
1686
-1
-1
2189
880
-1
2188	2189	715
-1
-1
-1
880
-1
-1
-1
451
-1
-1
-1
-1
-1
1290
939
-1
-1
2360	2683
313
-1
-1
-1
-1
-1
2360
-1
-1
1530
117	1292	1290	4049	715	269	1268	1610
-1
880
-1
15
-1
2223
2116
880
451
-1
2189	2188
757
23
-1
2188	2189
-1
1827
-1
-1
-1
-1
-1
-1
-1
-1
757
-1
-1
-1
-1
-1
1615
-1
-1
1897
46
-1
-1
-1
-1
-1
889
313
-1
-1
31
880
1268
-1
2188
-1
451
451
-1
-1
-1
592	4175
-1
134
2189
-1
2188	2189	1985
-1
2192
2361
851
451
-1
-1
-1
-1
889
-1
-1
-1
-1
2188
-1
-1
-1
117
-1
313	315
2188	2189	119
-1
451
2188
1562
-1
1292
58
15
451
-1
-1
-1
-1
313
313
-1
-1
313
2188
1985
-1
-1
-1
-1
-1
-1
757
605
1495
2223
1590	1589	560
-1
-1
889
2223	1414
-1
560
-1
663
3275
1495
-1
1526
-1
-1
-1
-1
900	3657	40	39	12	49	4290	2083
-1
-1
451
2269
2222
2223
880
889
-1
1989
-1
-1
2223
1411
729
-1
-1
-1
-1
-1
1473	1474
-1
880
-1
-1
-1
2108	2114
1174
-1
-1
1290
1223	18
-1
-1
-1
313	315
1562
-1
880
880
-1
-1
-1
-1
709
94
-1
-1
-1
-1
-1
-1
-1
-1
-1
1974
-1
-1
-1
-1
-1
-1
-1
-1
-1
-1
2683
-1
1895
-1
-1
1590
46
-1
-1
-1
1413	1414
-1
-1
-1
2188	2189
313
-1
-1
-1
-1
-1
-1
1999
1883	252
-1
-1
-1
-1
451
-1
-1
757
-1
-1
889
1816
-1
-1
-1
2501
758
-1
-1
605
-1
-1
-1
-1
2189	2188
-1
-1
-1
-1
2683
-1
580
-1
-1
-1
-1
1862	2004
-1
-1
-1
-1
-1
680
313
-1
-1
1615
-1
-1
253
2269
-1
1800
1974
880
-1
1827
313	315
-1
1761
-1
451
12
880
-1
2223
-1
-1
-1
313
1136	1133	1136	1138	1174	1185	1133	1134
1223
-1
-1
-1
1589	1590
-1
880
-1
-1
-1
-1
-1
-1
1562
880
-1
1989
-1
2223
880
-1
-1
-1
-1
-1
2223
-1
-1
-1
2223
2511
-1
46
-1
1413	1414
-1
313
688
2478
106
353
451
1473
-1
1896	1897
94
2849	1986
-1
-1
-1
-1
-1
1989
-1
580
-1
-1
-1
2135
-1
-1
1174
-1
313
94
2223
1589
-1
-1
-1
605
-1
-1
-1
-1
2189	2188
-1
1018
-1
-1
1562
605
-1
451
-1
-1
-1
683
941	2189
2222
1829
-1
-1
-1
2188	2189	715
313
-1
-1
313
-1
-1
-1
-1
-1
-1
12
23
2269
23
23
94	1829	2223
-1
-1
-1
-1
-1
1590
451
117
119
451
-1
880
-1
-1
-1
-1
-1
313
-1
-1
-1
-1
1800
-1
1589
-1
451	453	435	451	2108
313
-1
-1
-1
-1
729
2189	2188
-1
-1
-1
-1
-1
880	1989
-1
1495
1989
-1
46
663
1589	1590
-1
-1
-1
-1
313
-1
-1
-1
-1
2108
-1
709
-1
-1
2189
880	886	888	889	2127
2114
46
880
-1
-1
2188
-1
-1
-1
1590
313	315
-1
-1
2223	117
-1
-1
-1
518
-1
-1
-1
-1
451
1989
560
-1
-1
886
-1
709
2920	1895	1897	1905	1893
-1
2222
451
-1
2762
757
-1
2189	2188
-1
880
-1
-1
-1
-1
-1
-1
-1
-1
-1
880
-1
2188
-1
313	315
2511
1896	1897
-1
-1
1974
253	1107	858	2585	252	6	971	4045	4676	1073
-1
23
313
-1
-1
4290	2083	49	900	2222	1897
451
-1
-1
-1
-1
-1
-1
-1
-1
451
451
2222
-1
-1
880
-1
-1
757
2269
451
-1
313
-1
-1
2188	119
-1
1107
451
453	435	451	451
-1
-1
313
-1
313
451
1989
-1
2628
2189	2188
1290
-1
1495
-1
-1
-1
313
-1
605
-1
605
1800	2360	2361	2023
-1
-1
886
-1
-1
-1
-1
-1
-1
-1
-1
2223
-1
313
-1
-1
-1
-1
-1
-1
1829
1646
890
1292
-1
-1
-1
-1
757
-1
2616	2585
3511
-1
-1
-1
451
451
880
-1
-1
23
-1
-1
758
-1
-1
2223
-1
2223
-1
890
-1
880
313
-1
1562
-1
1495
1661	592	4175	589	587	2762
880
23
757
1985
-1
-1
-1
-1
-1
-1
-1
-1
1589	1590	6	4676
880	889
313
1295
-1
-1
-1
-1
-1
-1
12
-1
-1
-1
2269
-1
-1
1870
-1
757
-1
880
-1
-1
-1
669
23
889
851
605
1562
813
-1
-1
-1
-1
-1
-1
-1
-1
2223
-1
-1
-1
-1
117
-1
-1
-1
880
-1
-1
-1
1590	1589	1661
23
605	1562
-1
-1
2189	2188
-1
451
-1
-1
-1
-1
2108
-1
-1
4466	94
-1
-1
3004	105
-1
-1
-1
-1
1870
-1
2269
-1
454
-1
-1
451
2189	2188
1800
-1
3873
1985
-1
-1
1480
453
-1
-1
1590
23
-1
880
2762
757
889
2222	2223
605
451
1638
-1
-1
-1
-1
715
-1
-1
3511
4045	6	2585	2222	4466	1237	94	252	253	1107	2221	2223	2221	1827	2221	4676	94	94	1827	1829
757
-1
2189	2188	119	1985
1646
95
-1
1268
1590
-1
-1
709
-1
451
-1
-1
1989
1896	1897
-1
-1
605
729	1590
23
757
-1
-1
757
219
-1
-1
160	15
-1
-1
2223
2223
-1
-1
451
1590
-1
-1
757
-1
-1
1895
-1
2083
451
-1
-1
2223
-1
313
2023	2360
-1
-1
-1
117
880
-1
-1
-1
-1
889
-1
-1
-1
-1
-1
-1
-1
-1
-1
2659
757
-1
-1
-1
2223
1589	1590
-1
-1
-1
-1
313
-1
-1
-1
-1
-1
1231	1498
-1
-1
-1
6
-1
-1
560
451
-1
-1
451
-1
-1
-1
886
-1
-1
587	589
-1
605
-1
-1
-1
-1
663
757
1185
-1
-1
-1
-1
-1
1974
-1
-1
-1
117
2584
-1
-1
2188	2189
1829
23
-1
-1
-1
757
880
-1
-1
729	119	904
-1
-1
-1
-1
-1
-1
2135
-1
451
2108	455	2369
-1
-1
-1
2114
-1
-1
2269
-1
-1
-1
-1
2683
58
-1
-1
-1
-1
-1
451
1989
-1
-1
-1
-1
955
-1
313	315
-1
-1
-1
-1
-1
-1
1174
-1
119
757
-1
-1
939
2189
-1
-1
313
991
-1
-1
1985
2019
-1
117
-1
851
-1
-1
757
117
-1
451
