3
46
3303
451
452
453
454
455
3378
3468
49
3482
3489
50
3509
3511
3514
51
5308
52
53
3599
3605
54
3624
55
496
56
510
518
58
59
4872
4876
62
560
63
4885
580
582
587
589
592
604
605
607
613
4949
658
660
661
662
663
664
665
666
667
668
669
670
671
672
673
674
675
676
677
678
679
680
681
682
683
684
686
687
688
697
702
706
709
715
723
729
6
757
758
774
775
776
777
778
779
780
781
782
94
792
95
813
4991
820
842
843
844
845
846
847
848
849
850
851
852
858
860
861
862
878
880
886
888
889
105
890
891
106
107
900
904
108
905
918
111
112
920
921
939
940
941
942
3656
3657
117
955
956
3685
958
959
961
3711
3721
971
3754
118
119
120
121
122
12
991
996
3777
1018
3779
1029
1030
3827
1037
1044
129
3873
3889
1073
1078
134
1107
1116
3923
5108
5110
1133
1134
1135
1136
1137
1138
3929
1174
1185
3944
3956
3969
14
1213
1214
1219
1223
1224
1225
1231
1237
3976
3978
1264
1268
15
5121
1288
1290
1291
1292
1295
1327
5128
17
1337
1362
5163
18
160
161
1368
19
1411
1413
1414
1427
1428
1461
1470
1472
1473
1474
1480
1495
21
1498
1499
1500
1501
1511
1526
1530
1546
1547
1548
1555
1556
1562
1565
1569
1589
1590
1594
1610
1611
1615
1625
1637
1638
23
1646
1653
1661
1686
1690
196
1761
1762
1787
1800
1803
1813
1816
1817
1818
1827
213
1829
26
216
1862
3986
3987
1866
1867
1868
1869
1870
1880
4012
1882
1883
27
4013
4029
4045
4046
4049
4052
4061
219
4064
1891
1892
1893
1895
1896
1897
1898
1899
1900
1901
1902
1903
1904
1905
1909
1910
1911
4097
4104
1916
1917
1918
28
1974
29
1984
1985
1986
1987
1988
1989
1991
1992
1993
1994
1995
1996
1997
1998
1999
2004
30
2019
2020
2023
2024
2041
2042
4161
4167
4168
4169
4171
4172
4173
4175
2050
2051
2052
2054
31
2059
2060
2066
2072
4225
2073
2074
2077
2078
2079
4241
2083
4282
4290
2108
2109
2110
2111
2112
2113
2114
2115
2116
2117
2118
2119
2127
2128
2135
4331
4338
4348
2188
2189
2192
2218
2221
2222
2223
252
2225
253
2269
2273
260
2360
2361
2369
4414
265
4422
2410
269
4454
4462
4466
276
277
2478
2479
2499
2501
2511
2512
2550
286
288
2584
2585
290
2599
2600
2613
2616
2628
2629
2649
2658
2659
2680
2682
2683
2708
2709
2710
2711
2712
2716
2742
2762
2772
2778
312
313
314
315
316
317
318
319
320
321
4525
4565
4572
4602
2823
353
2849
2855
4661
4667
4676
4682
2876
2884
2891
2892
2907
2920
3001
3004
3037
3042
39
3053
3075
40
42
4744
3147
3154
3196
3205
435
3273
3275