3291
3307
3391
484
485
486
487
488
489
490
493
494
4776
4777
508
3655
999
1000
1001
1002
1003
1004
1005
1006
1007
1008
1010
1011
1013
1014
3883
3884
3918
1069
1070
1071
1141
1142
1143
1144
1146
1147
1148
1149
1150
1151
1152
1153
1154
1155
1156
1467
1469
1481
1482
1483
1484
1485
1486
1487
1488
1489
1490
1491
1492
1493
1494
1852
1853
1854
1855
1856
4144
4237
4249
4279
4340
4350
4398
2364
2365
2366
2374
2375
2376
2457
2558
322
323
324
325
326
327
328
329
330
331
332
333
334
2804
2914
3029
3030
3031
3043
3085
3117
4742
3287