-1
-1
-1
-1
7610	11913	2303
-1
-1
-1
-1
-1
-1
-1
-1
-1
-1
-1
-1
-1
-1
-1
-1
4366	10177	10468
-1
-1
-1
-1
-1
-1
-1
-1
-1
-1
-1
509	10026
-1
-1
3410	3917	1353
-1
-1
-1
-1
-1
10026
-1
-1
-1
4366	10468	10177
-1
-1
-1
-1
-1
-1
-1
-1
11830	7420	11237	11913	2303	7610	7770	914	4366	10177	11344	7693
-1
10026
-1
-1
-1
-1
9039
-1
-1
-1
-1
-1
-1
-1
-1
4366	10177	10468
-1
-1
-1
9039
-1
-1
-1
-1
-1
-1
-1
-1
-1
-1
-1
-1
-1
-1
-1
-1
-1
-1
-1
-1
-1
-1
9899
-1
1353
-1
-1
-1
9899	3621
-1
9899	11484	5623	11443	11932	4366	10177	10468
3621	4366	7693	2303	7553
-1
-1
-1
-1
-1
-1
-1
-1
-1
-1
-1
-1
-1
-1
-1
-1
-1
-1
-1
-1
-1
-1
-1
-1
-1
-1
-1
-1
-1
11344	5902	7693	6005
-1
-1
-1
-1
-1
11913	10088	7610	4366	7693	2303
-1
-1
-1
7420	9876
10026	509	12415
8922
-1
-1
-1
3410	3917	1353
-1
-1
-1
-1
7693	2303	7420
-1
-1
-1
4366	10177	10468
-1
-1
-1
-1
-1
-1
-1
-1
-1
5072
-1
-1
-1
-1
-1
-1
-1
-1
-1
-1
-1
-1
-1
-1
-1
-1
-1
-1
-1
-1
-1
-1
-1
-1
-1
-1
5072	8922
-1
7770	914	7610	10088	11913	11237
-1
-1
3209
-1
-1
-1
7693	11830
-1
-1
-1
-1
3410
-1
11344	5902	11304	11237
-1
7890
-1
-1
3621
-1
-1
-1
-1
-1
-1
-1
-1
-1
-1
9039
-1
-1
-1
-1
-1
-1
-1
-1
-1
-1
-1
-1
-1
-1
-1
-1
-1
-1
-1
-1
-1
-1
-1
7610	11913	2303	7770
-1
-1
-1
-1
-1
-1
-1
-1
-1
-1
-1
-1
-1
-1
10026	509
-1
-1
-1
-1
-1
-1
-1
-1
-1
-1
-1
-1
-1
-1
-1
-1
-1
-1
-1
-1
-1
-1
-1
-1
-1
-1
-1
-1
9899	11484	5623
-1
-1
-1
-1
-1
-1
-1
-1
-1
-1
-1
-1
-1
-1
-1
-1
-1
-1
-1
-1
-1
-1
-1
-1
-1
-1
-1
-1
-1
-1
-1
4492	8493
-1
-1
5623	11932	11484	11443	9899	2303	7420	7610	11913	914	4366	10177	10468
-1
-1
-1
-1
-1
-1
-1
-1
-1
-1
-1
-1
-1
-1
-1
-1
-1
9132	3410	11237	5902
-1
-1
-1
-1
-1
9039
-1
-1
7610	11913
-1
-1
-1
-1
-1
-1
-1
-1
-1
-1
-1
-1
-1
-1
3410	3917	1353
-1
-1
-1
-1
-1
-1
-1
-1
-1
-1
-1
-1
-1
-1
-1
-1
-1
-1
-1
-1
-1
-1
-1
-1
-1
-1
-1
-1
-1
-1
-1
-1
-1
-1
-1
-1
-1
-1
-1
-1
10035
-1
-1
-1
-1
-1
-1
-1
-1
-1
-1
-1
-1
-1
-1
-1
-1
-1
-1
-1
-1
-1
-1
-1
4128
-1
-1
-1
-1
-1
-1
-1
-1
-1
-1
-1
-1
4366	7693
-1
-1
-1
-1
-1
-1
-1
-1
-1
-1
-1
-1
-1
-1
-1
-1
-1
-1
-1
-1
2303	6005	7420
5623
-1
-1
-1
7610	11913	10088	7770	914
-1
-1
-1
-1
-1
-1
-1
-1
-1
-1
-1
-1
-1
-1
-1
-1
-1
-1
-1
-1
-1
-1
-1
-1
-1
-1
-1
-1
10026	509
-1
-1
-1
-1
-1
-1
-1
-1
-1
-1
-1
-1
-1
-1
-1
-1
-1
-1
1353
-1
-1
-1
-1
-1
-1
-1
-1
3410	3917
-1
-1
-1
-1
-1
-1
2113
-1
-1
9899
-1
-1
-1
-1
-1
-1
-1
-1
-1
-1
-1
9899	11484	5623
-1
-1
-1
-1
5623	9899	11484	11443	11932
-1
2303
-1
-1
-1
-1
-1
-1
-1
-1
-1
-1
509	10026	12415
-1
-1
-1
-1
-1
-1
-1
-1
-1
-1
-1
4366	10177	509	10026	7693	10468
-1
-1
-1
-1
-1
-1
5623
-1
-1
-1
-1
-1
-1
-1
-1
-1
-1
-1
-1
-1
-1
-1
-1
-1
-1
-1
-1
-1
-1
-1
5623	11443
-1
-1
-1
-1
7193
-1
11344	5902
-1
-1
-1
8493	8601
-1
-1
4366	7693
-1
-1
-1
-1
-1
-1
509	10026	11237
-1
-1
7610	11913	2303	11237	4366	10177
-1
-1
-1
-1
7693	11830	11237	11913	2303	7610	4366	10177	914	11344	7770	7420
-1
-1
-1
-1
-1
-1
-1
-1
4366	7693	10026	509
-1
-1
-1
-1
2303	11237	4366	10177	7610	11913
-1
-1
-1
-1
-1
-1
11830	10088	11913	5902	7420	7553	7610	6005	7770	2303	11344	914	7693	11237
-1
-1
-1
-1
-1
-1
-1
-1
-1
-1
-1
10026
-1
-1
-1
-1
-1
-1
-1
-1
-1
-1
3410	7420	1353	3917	5623
-1
-1
-1
-1
-1
-1
-1
-1
-1
-1
-1
-1
-1
-1
-1
-1
-1
-1
-1
-1
-1
-1
-1
-1
-1
10035	8493
-1
-1
7610	2303	7420	8379	4366	10177	10468
-1
-1
-1
-1
3410
-1
-1
-1
-1
-1
-1
-1
-1
-1
-1
4366
-1
-1
-1
-1
-1
-1
-1
-1
-1
-1
-1
-1
-1
-1
-1
-1
-1
-1
-1
-1
-1
-1
-1
-1
-1
-1
-1
-1
-1
-1
3410	3917
-1
-1
-1
-1
-1
-1
-1
-1
-1
5623	9899	11484
-1
-1
-1
-1
-1
11484
-1
-1
-1
-1
7693
-1
-1
7193
-1
3410	1353	3917
-1
-1
-1
-1
-1
-1
-1
-1
-1
-1
-1
4366	10177
-1
-1
-1
-1
9899
3410	3917
-1
-1
-1
-1
-1
-1
-1
-1
-1
-1
-1
-1
-1
-1
-1
-1
3410	3917
-1
-1
-1
7610	11913	2303	11237	4366	10177
-1
-1
-1
-1
-1
-1
-1
-1
-1
-1
-1
-1
-1
-1
-1
-1
-1
-1
-1
-1
-1
-1
-1
-1
-1
-1
-1
-1
-1
-1
-1
-1
-1
9899	11484	5623	11443	11932
-1
-1
-1
-1
-1
-1
-1
-1
-1
-1
-1
-1
-1
-1
9899
-1
-1
-1
-1
-1
-1
-1
-1
-1
-1
-1
-1
-1
-1
-1
-1
-1
-1
-1
-1
-1
-1
-1
-1
7693	11830
-1
-1
7774	6056
-1
-1
-1
-1
-1
-1
13259
-1
-1
-1
-1
-1
-1
-1
-1
-1
-1
-1
-1
-1
8922	5072
-1
-1
-1
-1
11913	7693	10177
-1
-1
-1
-1
9039
-1
11484	9899
-1
-1
-1
-1
-1
11237	7610
-1
-1
-1
-1
-1
-1
-1
-1
-1
-1
-1
-1
-1
-1
-1
-1
-1
-1
-1
-1
-1
-1
-1
-1
-1
509	10026	11237	5902
-1
-1
-1
13259
-1
-1
-1
-1
-1
-1
-1
-1
-1
-1
-1
-1
-1
-1
-1
-1
-1
-1
-1
-1
-1
-1
-1
-1
7693
-1
-1
-1
-1
-1
577	4788
-1
-1
-1
-1
-1
-1
-1
-1
-1
3410	3917	1353
-1
-1
-1
-1
-1
-1
-1
-1
-1
-1
-1
-1
-1
-1
-1
-1
-1
-1
11913	2303	4366	7693
-1
-1
-1
-1
-1
-1
-1
11913	7610	6005	9899	11484
-1
-1
-1
-1
-1
-1
-1
-1
-1
-1
-1
-1
-1
-1
-1
-1
7610
-1
-1
-1
-1
-1
-1
-1
-1
-1
-1
-1
-1
-1
509	10026
-1
-1
-1
-1
-1
11484
-1
-1
-1
-1
-1
-1
7420	5902	7693	11830	7610	7770	914	11913	10088	11237	11344	6005	2303
-1
-1
-1
-1
-1
-1
4366	7693	10177	10468	11830
-1
13259
-1
-1
-1
-1
-1
-1
-1
-1
-1
-1
-1
-1
10026
-1
509
-1
-1
-1
-1
-1
-1
-1
-1
-1
-1
-1
-1
-1
2303	9899	11484	5623	11443	11932
-1
-1
-1
-1
5623	9899	11484
-1
-1
11484	5623
-1
-1
-1
-1
-1
-1
-1
4366	7693	11913	509
-1
-1
-1
-1
-1
-1
7610	2303
-1
-1
7420	8379	7553	5795	4366	10177	7693	7610	11830	9899	11484	5623	11443	11932	2303	11913	7770	914	11237	5902	11344	9945
-1
4366	7693	11830	10026
10958
-1
9899	5623
-1
-1
-1
-1
-1
-1
-1
-1
-1
-1
-1
-1
-1
6005	2303	7420	11913	7610	9899
-1
-1
-1
-1
-1
-1
-1
-1
-1
-1
-1
-1
-1
-1
-1
-1
-1
-1
-1
-1
-1
-1
-1
-1
-1
-1
-1
4492	8601	577
-1
-1
-1
-1
-1
-1
-1
-1
-1
-1
-1
-1
-1
-1
-1
-1
5623	11443	11932	2303	11237	4366	10468	9899	11484
-1
-1
-1
-1
10035
-1
-1
7610	7770
-1
-1
-1
-1
-1
-1
-1
-1
-1
-1
-1
-1
-1
-1
-1
-1
-1
7610
11344	5902	11304
-1
-1
-1
-1
-1
-1
-1
-1
3410
-1
-1
-1
-1
10026	509	12415
-1
-1
-1
-1
-1
-1
-1
-1
-1
-1
-1
-1
-1
9899	11484	5623
-1
-1
-1
11830	10088	11913	5902	7420	4366	10177	10468	7610	7770	914	11237	6005	2303	11344	7693
-1
-1
-1
7193
-1
-1
-1
-1
-1
-1
8583
-1
-1
-1
-1
-1
7610	11237	2303	9899
-1
-1
-1
-1
-1
-1
2303
-1
-1
-1
-1
-1
-1
-1
-1
-1
-1
-1
-1
-1
-1
9876
11443	9899	11484	5623
-1
-1
-1
9899
-1
-1
-1
-1
-1
-1
-1
-1
-1
-1
-1
-1
-1
-1
-1
-1
-1
-1
-1
-1
7193
-1
-1
-1
-1
-1
-1
4788	8601	577
-1
-1
-1
3410	3917	1353
-1
-1
-1
-1
-1
-1
-1
9876
-1
-1
-1
4366	10177
-1
-1
-1
-1
-1
-1
-1
-1
-1
-1
-1
-1
-1
-1
-1
-1
-1
-1
-1
-1
-1
-1
-1
8379	2303
-1
-1
-1
-1
-1
9899	11484	11443	5623
-1
-1
-1
-1
-1
-1
-1
-1
-1
-1
-1
-1
-1
-1
7610	11913	7693	4366	9899
-1
-1
-1
-1
-1
-1
-1
-1
-1
2303	5902	7420	10088	11913	4366	10177	10468	7553	7610	7770	11344	7693	11237	11830	6005	914
8922
7610	9899	11484	5623	11443	11932	4366	2303
-1
-1
-1
-1
4366
-1
-1
-1
-1
-1
-1
-1
-1
-1
9899	11484	5623	11443	11932
-1
4366	9899
-1
-1
-1
-1
-1
-1
-1
-1
-1
9039	9039
-1
-1
-1
-1
-1
-1
-1
-1
-1
-1
-1
-1
-1
-1
7610	914	7770	2303
-1
-1
11436	8683
11913
509
-1
-1
-1
-1
-1
-1
-1
-1
-1
-1
-1
-1
-1
-1
-1
-1
-1
-1
-1
-1
-1
-1
-1
-1
11484
-1
-1
-1
-1
-1
-1
-1
-1
-1
-1
-1
-1
-1
11344	5902	11304	11237	9945	6005	7553
-1
-1
-1
-1
-1
-1
-1
-1
-1
-1
-1
-1
-1
-1
-1
-1
-1
-1
3410
-1
-1
-1
-1
-1
-1
-1
-1
-1
-1
-1
-1
-1
-1
-1
-1
-1
-1
-1
-1
-1
7553	11913	10088	7770	914	4366	10177	7693	2303	11830	9899	11484	5623	11443	11932	7610	11237	5902	11344	9945	7420	8379
-1
-1
-1
-1
-1
-1
-1
-1
-1
-1
-1
-1
-1
-1
-1
-1
-1
-1
-1
-1
-1
-1
-1
-1
-1
-1
-1
-1
-1
-1
-1
-1
-1
-1
-1
-1
-1
-1
-1
-1
-1
-1
-1
-1
509	10026
-1
-1
-1
10026	509
-1
-1
3917	3410	1353
-1
-1
-1
-1
-1
-1
-1
-1
-1
-1
10177	11932	4366	10468	7610	2303	7420	11913	914	11443	11484	5623	9899
-1
-1
2303	6005	7420
-1
4366	10177	10468
-1
-1
509	10026	12415	11237	5902
-1
11344	5902	2303	7610	4366	10177	10468	7693
-1
-1
9899	11484
-1
-1
-1
-1
9039
-1
-1
-1
-1
-1
7693	4366
-1
4366
-1
-1
-1
-1
-1
-1
8601
-1
-1
-1
-1
-1
-1
-1
-1
-1
3410
-1
-1
-1
-1
-1
-1
-1
-1
3410	3917	1353
-1
-1
-1
-1
-1
-1
-1
4366	10177
-1
-1
-1
-1
-1
-1
-1
-1
-1
-1
-1
-1
-1
11484	5623	11443	11932	4366	10177	10468	7693	11830	7610	11913	10088	7770	914	2303	7420	9899
-1
3410	3917	1353
-1
-1
-1
-1
-1
-1
-1
-1
-1
-1
-1
-1
-1
-1
-1
-1
-1
-1
-1
-1
-1
-1
4366
-1
-1
-1
-1
-1
-1
-1
-1
-1
-1
-1
-1
-1
-1
-1
10026
-1
-1
-1
-1
11443	11932	2303	4366	10468	9899	11484	5623
-1
-1
-1
-1
-1
-1
-1
-1
-1
-1
-1
-1
-1
-1
-1
-1
-1
-1
-1
-1
-1
-1
-1
-1
-1
-1
-1
-1
-1
-1
-1
-1
-1
11484	5623
-1
-1
-1
-1
5623
-1
4128
-1
-1
-1
-1
-1
-1
-1
-1
-1
-1
-1
-1
-1
-1
-1
-1
-1
-1
-1
-1
-1
-1
-1
-1
-1
-1
-1
-1
7193
2303	7420	11237	4366	7693
-1
-1
-1
-1
-1
-1
-1
-1
-1
-1
-1
-1
-1
-1
-1
-1
-1
-1
-1
-1
-1
-1
-1
-1
-1
-1
6005	7420
-1
-1
-1
-1
-1
-1
-1
-1
-1
-1
-1
-1
4788	8601
-1
-1
-1
-1
-1
-1
121
-1
-1
-1
-1
-1
-1
-1
-1
-1
-1
-1
-1
-1
-1
-1
-1
-1
-1
-1
-1
-1
9899
-1
-1
-1
3410	1353	3917
8922	5072
9899
-1
-1
-1
-1
-1
-1
-1
509
-1
-1
-1
-1
-1
-1
-1
-1
-1
-1
-1
-1
-1
-1
-1
-1
-1
-1
-1
-1
-1
-1
-1
-1
-1
-1
-1
-1
-1
-1
-1
5623	11443	9899	11484	11932
-1
-1
-1
-1
-1
-1
-1
-1
3621
-1
-1
-1
-1
-1
7693
-1
-1
-1
6005	7693	11913	11344	5902	7770	914	7610	11830	7420	10088	11237	2303
-1
-1
-1
-1
-1
-1
11237
-1
10088	11913	11830	7693
-1
-1
9899
-1
-1
-1
-1
3410	3917	1353
11443	9899	11932	11484	5623
-1
-1
-1
-1
-1
-1
-1
-1
2303	7610
-1
-1
-1
1353	3917	3410
-1
-1
-1
-1
-1
-1
-1
9039
-1
-1
-1
-1
-1
-1
-1
-1
-1
-1
-1
-1
-1
-1
-1
-1
-1
-1
-1
-1
-1
4971	9465
-1
-1
-1
-1
-1
-1
-1
-1
-1
-1
-1
-1
-1
-1
-1
-1
-1
-1
7610	11913	914
-1
-1
-1
-1
-1
-1
3410	3917
-1
-1
-1
-1
-1
-1
-1
-1
-1
9974
-1
-1
-1
2303	7420	7693	11830	7770	7610	914	11237	11344	6005	11913	10088	5902
-1
-1
-1
-1
9039
-1
-1
-1
-1
7610	7770
-1
-1
-1
-1
-1
-1
-1
-1
-1
-1
-1
-1
-1
-1
-1
-1
-1
-1
-1
-1
-1
-1
-1
-1
-1
-1
-1
-1
-1
-1
-1
-1
-1
-1
7610	7770
-1
-1
-1
-1
-1
-1
-1
-1
-1
-1
9039
-1
-1
-1
-1
-1
-1
-1
-1
-1
-1
-1
-1
-1
-1
-1
-1
-1
5623	9899	11484
-1
-1
-1
-1
-1
-1
-1
-1
-1
-1
4366	7693	10026
-1
-1
7610	11913
-1
-1
-1
-1
-1
-1
-1
-1
-1
-1
-1
-1
-1
5623	11484	9899
-1
-1
-1
-1
-1
-1
-1
-1
-1
-1
-1
-1
-1
-1
-1
-1
-1
-1
7610	7770	7553	2303
-1
-1
-1
-1
-1
-1
-1
-1
-1
-1
-1
-1
-1
-1
-1
-1
-1
-1
-1
-1
-1
-1
-1
-1
-1
-1
-1
-1
-1
-1
-1
-1
-1
509	10026
-1
-1
-1
-1
4366	10468	10177
-1
-1
-1
-1
-1
-1
-1
-1
-1
-1
-1
-1
-1
-1
-1
-1
-1
-1
-1
-1
-1
-1
-1
-1
3410	1353
3621
3410	3917	1353
-1
9899
509	10026
-1
-1
-1
-1
-1
-1
-1
-1
-1
-1
-1
-1
-1
-1
-1
-1
-1
-1
-1
-1
-1
-1
-1
-1
-1
-1
7610	11913	2303	11237
-1
-1
-1
-1
-1
-1
-1
-1
-1
-1
-1
-1
-1
-1
-1
-1
-1
-1
-1
-1
-1
-1
-1
-1
-1
-1
10026	509
-1
-1
-1
-1
-1
-1
-1
-1
-1
-1
-1
-1
-1
-1
-1
-1
509	10026
-1
10026
-1
-1
-1
-1
-1
-1
-1
-1
-1
-1
-1
-1
7610	4366
-1
-1
-1
-1
-1
-1
-1
-1
-1
-1
-1
-1
-1
-1
-1
-1
-1
-1
-1
-1
-1
-1
-1
-1
-1
-1
-1
2303	7420	9899	11484	5623
-1
-1
-1
-1
-1
-1
-1
-1
3410	1353	3917
2303
-1
-1
-1
-1
-1
-1
-1
-1
-1
-1
-1
7610
-1
-1
-1
-1
-1
-1
-1
3410	3917	1353
-1
-1
-1
-1
-1
-1
-1
-1
-1
-1
10468	7693	9899	11484	5623	11443	11932	2303	11237	3917	1353	4366
-1
509
-1
-1
-1
-1
7693
-1
509	10026
3410	1353	3917
-1
-1
-1
-1
-1
-1
-1
-1
-1
-1
11484
-1
-1
-1
-1
-1
-1
-1
-1
-1
-1
-1
-1
4366	10177
-1
-1
-1
-1
-1
-1
-1
-1
-1
-1
-1
-1
-1
-1
-1
-1
-1
-1
-1
-1
3410	1353	3917
-1
-1
-1
-1
-1
-1
-1
-1
4366	7693
9465	4971
-1
-1
-1
7610	4366
7610	9899	9132
-1
-1
-1
-1
-1
-1
-1
-1
-1
-1
-1
-1
-1
-1
-1
4492
7610	11913	2303	7420
-1
-1
-1
-1
-1
-1
-1
-1
-1
-1
11484	5623	11443	11932	2303	10026	509	4366	9899
-1
-1
-1
-1
-1
-1
-1
-1
7693	11830
-1
-1
-1
-1
-1
-1
-1
8922	5072
-1
7193
-1
-1
-1
-1
-1
-1
-1
-1
-1
509	10026
-1
-1
-1
-1
-1
-1
-1
-1
-1
-1
-1
-1
-1
-1
10035
-1
5623	9899	11484	11443	11932
-1
-1
-1
-1
-1
-1
-1
-1
7693	4366
-1
-1
-1
-1
-1
-1
7610
-1
-1
-1
-1
-1
-1
-1
4366
-1
-1
5623	9899	11484
-1
-1
-1
-1
-1
-1
-1
-1
-1
-1
-1
9899	11443	11932	11484	5623
4366	7693
-1
-1
-1
-1
-1
-1
-1
7610	11913	2303	11237	4366	10177
-1
-1
-1
-1
-1
-1
-1
-1
-1
-1
-1
-1
-1
-1
-1
-1
-1
-1
-1
-1
-1
-1
-1
-1
-1
-1
-1
-1
10026
-1
-1
-1
10026
-1
-1
-1
-1
-1
-1
-1
-1
-1
-1
-1
-1
-1
-1
-1
-1
-1
-1
-1
-1
3410	3917	1353
-1
-1
7610
7693	11830
-1
-1
-1
-1
-1
-1
-1
-1
-1
5902	11344
-1
3410
-1
-1
-1
-1
-1
-1
-1
-1
-1
-1
-1
-1
-1
-1
-1
-1
-1
-1
-1
-1
-1
-1
-1
-1
7193
-1
-1
-1
-1
-1
-1
7890	4700	12530	11351
-1
-1
-1
-1
-1
-1
-1
-1
-1
-1
-1
4128
-1
-1
-1
-1
-1
-1
8922	5072
-1
-1
-1
9899	11484	5623	11443	11932	4366
-1
-1
-1
-1
-1
-1
-1
-1
-1
-1
-1
-1
-1
-1
-1
-1
-1
-1
-1
-1
-1
-1
-1
-1
-1
-1
-1
-1
-1
10026
-1
-1
-1
-1
-1
3621	2113	5795
-1
-1
-1
-1
-1
-1
-1
-1
-1
-1
9132	6005	7420	2303
-1
-1
2303	7420	11237	10177	7693	4366
-1
9945	7420	8379	7553	4366	10177	7693	7610	11830	9899	11484	5623	11443	11932	2303	11913	10088	7770	914	11237	5902	11344
-1
-1
-1
-1
-1
-1
3621
7553	11913	10088	7770	914	4366	10177	10468	7693	2303	11830	9899	11484	5623	11443	11932	7610	11237	5902	11344	9945	7420	8379
-1
-1
-1
-1
-1
-1
-1
-1
-1
-1
-1
-1
-1
-1
-1
-1
-1
-1
-1
-1
-1
9899	5623	11484
-1
-1
-1
-1
-1
-1
-1
-1
-1
-1
-1
-1
-1
-1
-1
-1
11484	5623
-1
-1
-1
-1
-1
-1
-1
-1
-1
-1
-1
-1
-1
9899
-1
-1
-1
-1
10177
-1
-1
-1
-1
4366	10177	10468	7693	11830	509	10026	12415
-1
-1
-1
-1
-1
-1
-1
-1
-1
-1
-1
-1
-1
-1
10026
-1
-1
-1
-1
-1
-1
-1
-1
-1
-1
3410	1353	3917
-1
-1
-1
-1
-1
-1
-1
9969	7890	9084	13048
-1
-1
-1
-1
-1
509	4366	10026
-1
-1
-1
-1
11344	5902	11304	11237
-1
-1
-1
-1
-1
-1
-1
7774	6056
-1
-1
-1
-1
-1
4366	10177	10468	7693	11830	509	10026	12415
4366
-1
-1
-1
-1
7420	7693	11830	11237	5902	11344	7610	7770	2303
-1
-1
-1
-1
-1
-1
3621
11913	10088	7610	7770	914
-1
-1
-1
-1
-1
-1
-1
-1
-1
-1
-1
9039
-1
-1
-1
5072	8922
-1
-1
-1
7774
-1
-1
-1
-1
-1
-1
-1
-1
-1
10177
-1
-1
-1
-1
-1
-1
-1
-1
-1
-1
8922	5072
-1
-1
-1
9039
-1
-1
509	10026
-1
-1
-1
-1
-1
-1
4366
-1
-1
-1
-1
509	10026
-1
-1
-1
-1
-1
-1
-1
-1
-1
-1
-1
-1
-1
-1
-1
-1
-1
-1
-1
-1
-1
-1
-1
-1
-1
-1
-1
-1
-1
10026	509
-1
-1
-1
-1
-1
-1
-1
-1
-1
-1
2303	7693	7420	1353
-1
2303
-1
-1
-1
-1
-1
-1
-1
-1
-1
-1
-1
-1
-1
-1
-1
-1
-1
-1
-1
-1
-1
-1
509	10026	4366
509	10026	12415
-1
-1
-1
-1
-1
-1
-1
-1
-1
-1
-1
-1
-1
-1
-1
-1
-1
-1
-1
-1
-1
-1
-1
-1
-1
-1
-1
-1
-1
-1
4366	10177	10468
-1
-1
-1
-1
-1
7610	11913	4366	10177	2303
-1
-1
7193
-1
-1
-1
-1
-1
-1
-1
9039
-1
-1
9899
-1
9836
-1
-1
-1
-1
-1
-1
-1
-1
-1
-1
-1
-1
-1
-1
-1
3410	3917	1353
509
-1
-1
-1
-1
-1
-1
9899	11484
-1
-1
-1
-1
-1
-1
-1
-1
2303	7610
-1
-1
-1
-1
-1
-1
-1
-1
-1
-1
-1
-1
-1
509	10026	4366	10177
-1
-1
-1
-1
-1
-1
-1
