-1
-1
-1
4579
-1
13
3584
-1
-1
4579
2479
-1
-1
-1
1400
11075
-1
-1
4910
12656
-1
-1
1747
-1
2353
-1
-1
-1
4579
305
-1
-1
-1
-1
1485
-1
-1
4579
-1
1747	1060
-1
12801
-1
-1
-1
-1
-1
-1
-1
-1
3654
4579
5062
4579
-1
-1
-1
-1
-1
5457
8712
-1
-1
2479
4579
-1
11403
-1
11403
-1
11403
-1
-1
3414
6463
-1
-1
11403
-1
1157
3485
-1
13785
3414
8577
-1
11476
4579
13723
1060
-1
4579
-1
-1
-1
4065
10051
-1
-1
-1
-1
4910
-1
-1
-1
13631
-1
-1
-1
-1
775
4579
3546
12801
-1
-1
-1
13631
1344
-1
-1
-1
13081
3066
-1
2479
4579
11403
-1
-1
4910
4910
11628
1788	2689
4579
-1
4579
-1
222
11886
3294
12995	11306	10437	7301	3890	11398
-1
-1
-1
-1
7905
-1
-1
-1
-1
3294
-1
-1
-1
-1
2353
-1
-1
-1
-1
-1
-1
2353
-1
-1
-1
1485	3654
-1
-1
-1
-1
-1
-1
2479
-1
-1
7361
13631
-1
4579
12801
-1
4531
2479	9690
3485
-1
-1
809
4579
-1
-1
4065
-1
2479
-1
2479
13631
11075	13631
-1
10946
-1
-1
9981
-1
-1
-1
-1
12469	912
-1
-1
-1
-1
-1
-1
-1
7070
-1
945
2479	9690	2898	1079
-1
7735
3654
1790
8907
-1
1060	1747
2479
13041
11403
7735	8712	8270	5864	10047	6954	3546	7551	8156
1817	314
1485
13631
11403
6478
-1
-1
12299
6640	10218	1398
13041
-1
-1
-1
-1
-1
-1
-1
4065
-1
9254	10196	4579	4579
-1
1435	1435
-1
-1
-1
3414
-1
12469
-1
-1
3546
2479
-1
1019
-1
11403
-1
-1
8470
-1
-1
4065
11403	4910
13913
-1
-1
1485
-1
-1
-1
8470
3294
2353
1423	4579
1435
11075
-1
7070
3294
-1
-1
-1
-1
-1
4531
1788
-1
-1
-1
2353
3654
2479
-1
5457
-1
1060	270
4579
3294
3546
897
-1
-1
-1
3598
-1
-1
-1
-1
-1
-1
1747
-1
-1
-1
1423
-1
4579
4579
-1
3414
-1
4579
-1
-1
-1
-1
-1
4579
4910
12129
2479	9690	2898	1079	912	12469
2218
-1
912
12596
-1
-1
7070
912
-1
-1
-1
-1
13785
-1
8326
4579
-1
-1
4031
-1
11403
-1
-1
-1
-1
-1
11476	1400
11766
-1
-1
2760
-1
1400
3414
-1
7070
4579
-1
-1
5457
2479	9690	2898	1079	8907
-1
4910
8577
2479
4579
4910
4579
10051
1435
-1
11403
-1
-1
-1
-1
-1
4579
11403
-1
-1
11403
11075	13631
-1
6463
-1
11403
1553
4928
-1
-1
2353
4579
-1
-1
-1
13081
-1
3414
13631
12801
-1
-1
-1
-1
-1
2479
11403
4579
2353
13631
897
3414
-1
3584	11886	3584	11886	11886	3584
1485	3654
229	1790	6899	11661	11006	8270	3616
4579
270	8591	6378	1747	1060	6377
-1
-1
4579
3414
2479
8470	1485
314	1817
-1
-1
12525
-1
-1
-1
-1
1866
897
2479
6463
12801
-1
2353
-1
-1
11661
-1
4579
-1
-1
2760
-1
-1
1742
-1
3286
1400
-1
3485
-1
-1
4589
-1
-1
-1
12356
6463
-1
-1
-1
-1
12801
3132
-1
1423
-1
1400
8577
-1
11403
-1
-1
-1
-1
-1
-1
-1
-1
-1
11403
-1
-1
4579
3414
4531
2479
1435
13937	10354
314	1817
-1
2760
-1
11403
4579
-1
4531
3846
-1
1603
-1
-1
912
-1
-1
3598
-1
-1
1485
-1
-1
2479
-1
4579
-1
4031	4031	4031
-1
-1
-1
-1
4579
3414
-1
1485	5170	3654	1129
3314
-1
-1
1747
-1
1684
13631
-1
-1
3414
1423
4579
-1
-1
-1
-1
-1
-1
7361	6820
-1
-1
11075
3294
5777	3165
-1
1866
1435
1485
-1
-1
-1
-1
3066
-1
-1
-1
12801
10437
-1
-1
10437	11398
-1
-1
-1
-1
-1
3546
4579
10716
7361
-1
11403
4579
-1
-1
-1
5457
-1
2736
79
-1
1603
1435	2526	1019	12220	7366	7562	5777	1344	5700	3370	6486	298	3546	12299	3066	553	6632	11199	12231	4065	2818	3314	4242	3045	9294	6944	6210	5139	1010	9259	1603	7066	7551	4544	13631	12540	7768
2494	1866
-1
-1
11403
2479
-1
-1
-1
1547
7905
-1
-1
-1
5457
2479
-1
809	11886	2695	3584	2495
897
4579
-1
3414
-1
-1
2736
-1
8907
-1
3654
4579
-1
-1
-1
3132
-1
8591	1906	2799
1790	1547
-1
4579
-1
12560
11403
4531
1726
-1
2006
-1
7361
-1
-1
-1
4579
-1
4531
1060
5777	3370
-1
4579
-1
-1
-1
-1
13041
-1
12560
3546
2479
1485
-1
-1
-1
4065
-1
-1
-1
4579
3165
-1
12801
-1
7070
3414
-1
3414
-1
-1
11403
-1
4579
-1
5457
897
-1
-1
4579
-1
13041
314	1817
-1
2479
-1
-1
-1
1060
8470
-1
12801
-1
-1
12656
-1
-1
-1
-1
-1
8712
-1
4538
4065
-1
-1
6626
13785
649
-1
-1
3132
3414
6626
-1
-1
11403	4531
11403
-1
1747	1060
-1
3314	4589
3654
-1
-1
-1
2353
6245
11403
13785
3842
11403
652
2479
13785
-1
-1
2479	9690
4910
11398	10437
-1
-1
-1
-1
-1
3414
-1
-1
-1
3654
-1
11403
4531
-1
4065
-1
-1
5864	1603
-1
12656
4579
-1
12801
4579
-1
13631
-1
9896	13938
-1
6116
3584
-1
-1
-1
-1
10047
829
7070
-1
3587	10564	11690	9455
897
6116
-1
-1
-1
-1
1547
-1
-1
3066
4065
-1
-1
-1
-1
4579
-1
-1
-1
-1
2526
-1
13631
912
-1
-1
6329
-1
4579
4579
-1
11403	652
4676	3992	7263
-1
10318
-1
-1
11403	4531
4910
-1
2479
2479
-1
-1
11661
-1
1435
4579
-1
11403
-1
12801
-1
8470
-1
-1
-1
2479
-1
-1
-1
5457
12400
11403
3846
12801
9981
5457
-1
11199
-1
3584
-1
-1
-1
-1
-1
7070
-1
-1
9896
4579
-1
-1
6673
13094
-1
-1
6660
4531
3165
2479
-1
-1
-1
226
-1
2526
1726
-1
-1
-1
-1
-1
-1
1435
3414
3485	12656	6463	809
-1
-1
5457
-1
3485
-1
8470
11403
11403
1344
-1
-1
-1
2526
-1
11886	6463	809
897
11398
-1
2729
-1
-1
-1
-1
-1
-1
-1
-1
1485
-1
-1
-1
11403
-1
3132
-1
-1
-1
-1
-1
-1
-1
-1
10437
1485
-1
-1
3952
-1
-1
-1
9254	10196	4579
-1
-1
11075
-1
-1
12231
897
-1
-1
-1
12356
-1
-1
-1
4579
-1
-1
4579
11403
-1
13041
-1
12534	12511	692	2675	12534
4289
-1
5457
-1
-1
9981
2479
-1
12656
7361
-1
-1
2154	9398
-1
-1
13723
3414
4531
809	11886
-1
-1
-1
8577
-1
-1
-1
1547
945
11690	12511
-1
12801
-1
-1
-1
-1
-1
-1
3294
12819
270	2528	3598
5048	1603	5864	12400	2353
11075
-1
-1
-1
11661
7975
-1
-1
-1
-1
4579
-1
-1
-1
-1
-1
-1
-1
-1
11661
10437
4579
6329
-1
3314
4579
-1
-1
4579
4531
12469	912
11403
-1
-1
-1
912
897
3654
-1
13041
3414	1866
-1
11403	4910
13723
3654
1553
-1
13041
5457
1485
13041
2675
-1
-1
11661
-1
-1
4579
11403
-1
-1
8577
4579
-1
7070
-1
-1
-1
11690
1726
-1
13
12794
3414
-1
-1
-1
8907
-1
2353
-1
-1
11075
-1
2177
-1
-1
11403	13723
-1
7905
-1
-1
7905
10437
-1
-1
4579
-1
11476
4579
-1
-1
-1
-1
-1
3654
-1
8270	9398	12946	11628	5843	13236	1790	3616
-1
-1
2479
-1
-1
-1
4579
1485
897	2006
11403
1176
8470
-1
11403
13631
-1
-1
-1
11403	12356
-1
-1
3132
-1
-1
-1
-1
-1
11403	4531
897
-1
-1
5724	897	4579	9254	6141	10196	2729	7361	4579	5937	5618
9896	13938	8577
-1
12469	1485
11476
3414
-1
4579
3414
-1
12525
-1
-1
1435
2818	1162	12794
-1
3842
2479
13081
-1
4769	12939
-1
-1
1435
3132
1747
-1
-1
11403
13723
-1
-1
11075
12819
6626
12656
2479
4579
4065
3414
-1
1485
-1
13041
1485	3654
11661
2479
897
-1
-1
6954
13041
-1
-1
-1
11075
-1
-1
1060	1747	270	2494	76
-1
-1
-1
-1
1485
-1
-1
12656
702
-1
-1
-1
3414
1435
-1
-1
-1
-1
-1
-1
2736
4579
4579
-1
1553
-1
652
1747
1747	1060
-1
-1
-1
8577
-1
2479
-1
-1
6329
1485
-1
-1
-1
5687
1485
-1
-1
-1
2479
-1
12801
912
-1
-1
-1
6300
-1
13913
1060	1747
-1
-1
5457
4004
12129
-1
-1
-1
-1
-1
-1
-1
897
-1
1485
12801
-1
-1
1485
-1
-1
1485
-1
13723
4579
-1
-1
-1
3654
76
-1
-1
1485
1060	1747
-1
-1
-1
2479
4579
2526
-1
-1
-1
-1
2479
3414
-1
5457	4364
2479
-1
-1
-1
-1
-1
897
-1
-1
1547
-1
6329
-1
-1
-1
-1
-1
-1
-1
-1
1485
-1
1060	1747
-1
-1
12783
-1
-1
13041
13785
-1
-1
-1
12356
-1
5457	13081
2353
-1
4928
-1
-1
-1
897
3843
7735
-1
652
-1
-1
1400
-1
4531
5062
-1
-1
12356
-1
-1
3132
-1
-1
2760
12801
-1
-1
-1
2479
-1
11403
-1
3752	1547
-1
12175
-1
1747
-1
-1
-1
2479
2520
-1
-1
2177
-1
-1
-1
-1
-1
-1
13041
12656
222
-1
-1
-1
-1
1547
-1
9981
-1
3132
9254	10196	4579	4579
-1
-1
-1
897
-1
4910
3414
2736
-1
3294
-1
11403
897	13785	1747	2006	1747	3654	297	1997	6660	12801	1747	3654
-1
-1
8577
897
-1
1790	8270
2479
8907
-1
3132
-1
-1
-1
-1
-1
6954
912
-1
-1
-1
-1
-1
4579
-1
897
-1
5457
945
-1
-1
4579
2425
-1
-1
-1
-1
-1
12560
13631
-1
-1
8512	6463
11661
-1
-1
-1
11403
-1
-1
11403
13785
-1
-1
4579
-1
13785
-1
2479
-1
3584
4579
-1
11398
4910
-1
1485	7768	3654	1684	1400	4065
-1
3846
-1
-1
13938	9896
11403
2479
12596
2006
-1
-1
-1
2479	9690
13631
1485
12801
-1
-1
2006
-1
-1
-1
-1
-1
-1
3654
5062
-1
-1
-1
11690	10716	3587
12469	912
1060	1747
-1
1547
6463
-1
-1
1790
12560
12801
-1
1485
1485	3654
13785
13631
-1
-1
2479	9690
11403
4579
4579
-1
-1
-1
8907	2479	9690
-1
12469	4544	11476	2526	8326	12400	7765	5048	912	2681	4004
-1
-1
-1
4910
-1
11886	3584
-1
912	12469
1485	3654
-1
3584	11886
-1
-1
-1
-1
5062
3132
-1
2479
4579
-1
1435
1747	1060
912
-1
1747
6687
-1
12400
3546	1749
9896	13938
-1
-1
-1
-1
12231
2479
-1
-1
12656
652
-1
-1
-1
692
2479
-1
-1
-1
-1
-1
-1
-1
7975
222	7618	4531
-1
-1
-1
76
11403
-1
-1
-1
-1
-1
7735	1726
-1
-1
3414
-1
-1
-1
5062	458	4460	3616	8270
12656
3414
-1
3414	1866
7066	6116	7066	1868	4538	9585	12525
-1
-1
-1
-1
-1
7905
2371
-1
-1
4531
4579
-1
-1
-1
-1
314	1817
-1
1435
-1
1866	10318
-1
6300
-1
-1
-1
4579
9674	2218	8156
-1
-1
1603
8470
2479	8907
-1
-1
-1
-1
-1
3132
-1
-1
8594
-1
-1
11403
2479
-1
1423
-1
3294
-1
-1
-1
-1
4579
11403
-1
-1
-1
11403	4910	2239
-1
297
-1
3414
-1
2353
-1
-1
9896	13938
-1
1485
652
1485
-1
7070
13785
-1
912
-1
11403
-1
-1
4579
7551
4579
-1
11403
11403
1747	1060
-1
-1
-1
12801
-1
4364
4579
-1
-1
1747
1202
-1
-1
3644	8437	5470	1157	1212	10716	10906
-1
8667
2818	11199
1435
3616	2321	8270	5062	458	4460	11628	5843
1400
3294
4065
4910
-1
3132
-1
-1
-1
-1
-1
897
-1
-1
-1
-1
8577
-1
4531
7975
6378
1400
12356
-1
-1
829	1202
12801
-1
1060	1747
222
-1
-1
-1
9896	13938	8577
11403
270
12596	3294
3165
11199
809	11886	3584
-1
11403
-1
-1
-1
-1
1400
-1
-1
4579
7551
-1
-1
3414
3132
7070
-1
13937
-1
2760	9981
11628
-1
-1
4910
8577
-1
-1
-1
1553
270	1060	1747	2494	1107
10437
-1
-1
-1
11075	6166
4579
-1
4910
-1
11403
11661
12342	6660	11661	6899	3132	1176
897
-1
-1
1553
-1
4579
13937	13785	10354
-1
-1
-1
-1
5062
12596
-1
5062
-1
-1
4910
-1
-1
12801
-1
-1
-1
1684
-1
13094
2479
-1
912	12469
3654
-1
12801
-1
-1
-1
11886	6463	809	5906
-1
8326
4031
-1
-1
-1
-1
222
-1
1866
11403
-1
13631
-1
13631
-1
8907
-1
4579
4531
-1
-1
3485
12400
12299
13041
1866
-1
-1
-1
3584
3414
2675
-1
-1
-1
-1
11403
-1
-1
-1
13631
1747
-1
897
-1
-1
3584
-1
-1
-1
4004
-1
9294	5139
-1
-1
1435
-1
-1
-1
-1
-1
-1
-1
-1
9981
-1
-1
-1
2479
-1
-1
897
-1
5937	1866	4579
-1
-1
-1
1547
2479
-1
-1
-1
2479
4579
-1
-1
-1
-1
-1
-1
3066
-1
3992	7314	4676
1485
809	11886	3584	2695
2526
12801
10946
11403
2006
1747	1060
1400
4531
12801
-1
1060	1747
4910
2353
2760
-1
-1
-1
897
4579
7070
3738	11661	3559	2442	4579	2736
-1
-1
-1
-1
-1
12656
-1
3414
9786	10978	9585	3546	9294
2736
1060	1747
-1
-1
-1
-1
-1
3414
7562
897
2479
11075
8156
-1
-1
-1
-1
-1
-1
-1
-1
4531
11690
897
-1
1060	1747
2736
-1
-1
-1
-1
6116
2760
8470
-1
2526
-1
-1
7263
6378
3414
-1
1060	1747
1788
-1
-1
2154	2736
-1
10103
-1
-1
9259
2479
-1
-1
-1
-1
3414
-1
11403
-1
-1
5457	1176
897
12469
11403
12560
-1
270	1747
-1
-1
222
-1
13041
-1
-1
-1
-1
1553
-1
-1
2353
4531
-1
-1
12801
-1
-1
-1
1435
-1
5777	3165
10051
-1
12356
2479
2495
-1
4477	2495	2495
1060	1747	3952
-1
-1
-1
12801
-1
-1
-1
649
-1
-1
3992
-1
-1
1060
11403
-1
1747	1060	12231
-1
-1
3654
11403
-1
-1
-1
4579
-1
-1
-1
-1
-1
4065
1202
-1
-1
9674	11075	8712
2479
-1
-1
-1
-1
-1
9674
-1
-1
3370
1435	3066	4065	10103	12231	13631	5048	1603	3970	3546	298
-1
11403
-1
1157
-1
897
9981
11403
4579
-1
1060	1747
12801
1485
-1
1747	1060
-1
775
-1
-1
-1
-1
-1
-1
11476
-1
12801
-1
-1
-1
-1
9896	13938
1344
-1
-1
809	3584
12656
-1
-1
-1
-1
11476
4910
2479
-1
-1
297
11403
3546
-1
1747
-1
4579
4579
-1
13631
-1
1749	79
-1
13785
1060
-1
1747	1060	12356
-1
10047
10456
12560
4579
12525
-1
-1
-1
4910
-1
-1
-1
-1
1747
-1
-1
-1
1435
-1
2479	9690
1747	1060	270
-1
4579
1747
3294
-1
3066
12299
1157
4579
-1
-1
-1
-1
2479
2479
-1
-1
2479
1747
12356
-1
-1
-1
-1
-1
-1
12801
3414
5062
897
912	12469	1726
-1
-1
4910
897	11199
-1
1726
11886
13913
7975
5062
-1
11661
-1
-1
-1
-1
6565	7790	1162	5948	3752	702	1790	9227	5383	10314	5520
-1
-1
4579
7070
2006
897
11403
4910
-1
4531
-1
-1
897
5687
2353
-1
-1
-1
-1
-1
1788	2689
-1
11403
-1
1547
-1
1866	3132
2526
5457
-1
4065
6486	4544
-1
-1
-1
2479	9690
3294
-1
11403
11403
-1
-1
-1
-1
8470
10564
-1
-1
838
-1
-1
-1
-1
-1
-1
2736
-1
-1
-1
-1
-1
-1
-1
-1
-1
-1
11886	11075
-1
7834
-1
-1
912
12656
1547
-1
-1
2818	11199
-1
-1
-1
1747	1060
2479
-1
-1
-1
-1
-1
-1
4477
3644	692
-1
-1
5457
-1
4579
-1
-1
12801
-1
-1
4910
12946
-1
-1
-1
6632
12400
-1
-1
3414
-1
-1
-1
-1
1060	1747
5457
-1
-1
-1
11075
-1
7905
-1
-1
-1
-1
4538	1371	12939
13631
-1
-1
-1
-1
8594
2479
-1
-1
1344
-1
-1
2675
7070
-1
13041
2736
11403
-1
775
2479	9690
-1
13200
-1
4579
1790
11403
-1
897
-1
-1
-1
2479
9694	13653	9694	3898	2526	1400	13653	11010	6585
6486
-1
-1
-1
12469	912
-1
11403
4821
-1
-1
-1
-1
-1
3294
11403
-1
4531
-1
897
11403
-1
-1
-1
-1
12129
897
-1
-1
-1
897
2520
-1
12656
-1
2818	11199
-1
2479
13
9501
3314
6300
4579
1788
-1
809	11886	2695	3584
10564
11863	3952
-1
-1
-1
-1
-1
4531
-1
7905
11886
-1
-1
222
-1
-1
2526
-1
2479
10564
897
12469
-1
-1
-1
3414
-1
-1
-1
-1
1060	1747
1547
4031
-1
9687
3294
3414
-1
4579
-1
-1
-1
6329
829	1060
2006
3846
-1
5457
-1
1747	1060	12231
2479
-1
-1
2479
-1
-1
-1
-1
-1
-1
1790
1485
7070
1485
1485
10564	3846	897
-1
-1
-1
-1
-1
912
4579
1435
270
4579
-1
11403
-1
-1
-1
-1
-1
2479
-1
-1
-1
-1
13041
-1
12469
-1
4579	9254	10196	4579	1866
2479
-1
-1
-1
-1
2353
1060	1747
5457	1176
-1
-1
-1
-1
11403	4531
-1
5062
4531
-1
12656
13913
12469	912
8907
3654
-1
-1
2479
-1
-1
-1
-1
1866
-1
8470
-1
-1
1060
11476	3807	9687	11403	652	2239	4910	3843
3132
12656
11403
12783
-1
1747
-1
-1
-1
912
2479	9690
-1
-1
897	1435
-1
-1
-1
1684
-1
-1
-1
-1
4579
4531
1726
-1
-1
652
-1
8470
6463	7834	3584	8512	12175
-1
2006
4579
-1
8326
12801
-1
1060	1747
-1
11403
-1
-1
-1
-1
-1
-1
-1
1423
-1
11403
-1
1747
-1
2479	9690
2520
809	11886	2695	3584
-1
-1
2736
2675	4769	6116	12995	3807	692	11690	6166	3148	9455	7551
-1
1485
2479
-1
-1
5383	5520	9227	7790	11886	2006	3584
4579
-1
-1
-1
-1
-1
-1
-1
3807
4579
4579
2006
11886
-1
11403
-1
-1
12801
7070
4579
-1
2479
-1
-1
1747	270
-1
4769
4579
9254	10196	4579	4579
-1
-1
2479
-1
2479
4579
4531
-1
9786
1060	1747
4065
-1
5062
-1
-1
13081
2479
-1
3414
1547
3414
13041	9674	10456	2218
-1
-1
652
13081
-1
-1
-1
-1
-1
-1
-1
897
-1
2479
-1
-1
-1
-1
13631
-1
3846
12596
1553
3066
-1
-1
8907
6954
12801
-1
11398	12995
11886	3485
-1
-1
11886
4579
4579
11403
-1
-1
3654	1485
-1
-1
12400
-1
-1
897
-1
897
-1
1553
-1
11403
2479
-1
3294
-1
5062
76	1749	79	8253	3204	8326
11403
1485
12801
12356
-1
-1
-1
-1
-1
-1
-1
-1
12469	912	11690	9455
11403	4910
2479
5700
-1
-1
-1
-1
-1
-1
1790
-1
-1
-1
7070
-1
-1
10437
-1
12801
-1
11403
-1
3654
-1
6377
1485
4910
12560
3414
3294
7361
-1
-1
-1
-1
-1
-1
-1
-1
897
-1
-1
-1
-1
1435
-1
-1
-1
11403
-1
-1
-1
912	12469	76
1485	3654
3414	3294
-1
-1
1060	1747
-1
4579
-1
-1
-1
-1
1866
-1
-1
3587	10564
-1
-1
5139	9294	8264
-1
-1
-1
-1
10437
-1
7070
-1
2729
9896	13938
-1
4579
1060	1747
13041
-1
7765
12356
-1
-1
785
9254
-1
-1
912
1485
-1
11403
8326
12801
4910
2006	897
3414
4579
13723
809
-1
-1
-1
12231
-1
-1
3485
3148	11690	12995	2006	3587	6640	10564	692	2675	4769	2084	897	2084	775	2084	9455	10564	10564	775	3846
12801
-1
1060	1747	270	12356
12596
2177
-1
3546
912
-1
11476
8470
-1
4579
-1
-1
4531
11886	809	2695	3584
-1
-1
3414
2353	912
3654	1485
12801
-1
-1
12801
314	1817
-1
-1
13094	1157
-1
-1
897
897
-1
-1
4579
912
-1
-1
12801
-1
-1
7834
-1
5520
4579
5457
-1
897
-1
2479
2218	9674
8712	6954
-1
-1
1435
11403
-1
-1
-1
-1
4910
1547
-1
-1
-1
13631
-1
-1
12129
-1
3842
12801
-1
-1
-1
897
12469	912
-1
-1
-1
-1
2479
-1
-1
-1
-1
-1
2154	8270
-1
8907
-1
11690
-1
-1
1726
4579
-1
-1
4579
-1
-1
-1
652
-1
-1
3204	8253
-1
3414
-1
-1
-1
-1
13913
12801
1400
-1
-1
-1
-1
-1
2736
-1
-1
-1
1435
3581
-1
-1
1747	1060
3846
1485
-1
-1
-1
12801
11403
13631
-1
2353	270	4364
-1
-1
-1
-1
-1
13631
222
-1
4579
1866	5724	12342
-1
-1
-1
3132
-1
-1
7070
-1
-1
-1
3654
11075
12299
-1
11886
-1
-1
-1
4579
4531
-1
-1
-1
11476
2321
-1
2479	9690
-1
-1
-1
11886
11886
-1
2526
-1
270
12801
-1
-1
1202
1060
-1
-1
2479
229
-1
5457
12356
10946
-1
1435
-1
12560
-1
-1
12801
1435
-1
4579
