-1
-1
-1
-1
-1
-1
-1
-1
-1
-1
-1
-1
-1
-1
-1
-1
-1
-1
-1
-1
-1
626	11888
-1
-1
-1
11802
-1
-1
-1
-1
2437
-1
-1
-1
-1
-1
-1
-1
-1
-1
-1
-1
-1
-1
-1
-1
-1
-1
-1
7126
-1
-1
-1
-1
-1
-1
-1
-1
-1
-1
-1
-1
-1
-1
-1
-1
-1
-1
-1
7330	351	7798	260	3116	12128	8885	7289	9483
-1
626	11888
98
-1
-1
-1
-1
-1
-1
-1
-1
-1
-1
-1
-1
-1
-1
-1
-1
-1
-1
-1
-1
-1
-1
-1
-1
-1
-1
-1
-1
-1
-1
-1
-1
-1
7723	9436	8268	7974
-1
-1
-1
-1
-1
-1
-1
-1
-1
-1
-1
-1
-1
-1
6872	2437
-1
-1
-1
-1
-1
-1
-1
-1
-1
-1
-1
-1
-1
7788
-1
-1
-1
-1
-1
-1
-1
-1
2437
-1
-1
-1
-1
7974	154	7531
-1
-1
-1
-1
-1
9170	351	7798	260	3116	12128	2126	4298
-1
-1
2437	3036
-1
-1
11802	11991
626	11888
-1
-1
-1
-1
-1
-1
-1
98
-1
-1
-1
-1
11991	11802
-1
11991	10054	11802
-1
-1
-1
-1
-1
-1
-1
-1
-1
-1
7723
-1
-1
-1
-1
11991
-1
-1
-1
-1
-1
-1
-1
-1
-1
-1
-1
-1
-1
-1
6872	3036	2437
-1
-1
-1
2126
-1
7330	351	7126	7798	260	3116	12128	8885	7289	9483
-1
-1
-1
-1
-1
-1
-1
-1
-1
-1
-1
-1
-1
-1
-1
12
8827	2539	351	8154	13032	3881	11732	8280
-1
-1
-1
-1
-1
9483	7330	351	7798	260	12128	8885	7289
-1
-1
-1
11802
-1
-1
-1
-1
-1
-1
-1
-1
-1
-1
-1
-1
-1
-1
-1
-1
-1
-1
-1
-1
-1
-1
-1
-1
-1
-1
-1
-1
-1
-1
-1
-1
-1
8154
-1
-1
-1
-1
11802	10054
-1
-1
-1
-1
-1
-1
-1
-1
-1
-1
-1
-1
-1
-1
-1
-1
-1
-1
11802
-1
-1
-1
-1
-1
-1
-1
-1
-1
-1
-1
9576
-1
-1
-1
-1
-1
-1
-1
-1
-1
-1
-1
-1
-1
-1
4298
-1
-1
-1
-1
-1
-1
-1
-1
-1
-1
-1
-1
-1
-1
106	12597	1961	7126	6106	7936	147	11802	10054
-1
-1
-1
-1
-1
-1
-1
-1
-1
4365
9576
-1
-1
-1
-1
-1
-1
-1
-1
-1
-1
626	11888	8154	2539
-1
-1
-1
-1
-1
-1
4298	9170
-1
-1
-1
-1
-1
-1
-1
-1
-1
4365
-1
8154
-1
-1
-1
-1
-1
-1
-1
-1
-1
-1
-1
-1
-1
-1
-1
-1
-1
-1
-1
-1
-1
-1
-1
-1
-1
-1
-1
-1
12260	7723	849	626	7974	5982	11888
-1
-1
-1
-1
-1
-1
-1
-1
-1
-1
-1
-1
-1
-1
-1
-1
-1
-1
-1
-1
-1
-1
-1
-1
-1
-1
-1
-1
-1
-1
-1
-1
-1
-1
-1
351	8107	3311
-1
-1
-1
-1
-1
-1
-1
-1
-1
-1
-1
-1
-1
-1
-1
-1
-1
-1
-1
-1
-1
-1
7974
-1
-1
-1
-1
3036	2437
626
-1
-1
-1
6872
2437	3036
4298
-1
-1
-1
-1
11802
-1
-1
-1
-1
-1
-1
-1
-1
-1
-1
-1
-1
-1
-1
-1
-1
-1
-1
1961
-1
-1
-1
-1
-1
-1
-1
-1
-1
-1
351	8107	3311
-1
-1
-1
-1
-1
-1
-1
-1
-1
-1
11073	11732	8633	2660
-1
-1
-1
-1
-1
-1
-1
-1
-1
-1
-1
-1
-1
-1
-1
-1
-1
-1
-1
-1
-1
-1
-1
-1
-1
-1
-1
-1
-1
-1
10929
7723	7974	9436	12597	154	8268	1317
-1
-1
-1
-1
-1
3036
-1
-1
-1
-1
-1
-1
-1
-1
-1
-1
-1
-1
-1
-1
-1
-1
-1
-1
-1
7245	9483
-1
-1
-1
-1
-1
-1
-1
-1
-1
-1
-1
-1
-1
-1
-1
-1
-1
-1
-1
13032
-1
-1
-1
-1
-1
-1
-1
-1
-1
-1
-1
-1
-1
-1
-1
-1
-1
-1
-1
-1
-1
-1
-1
-1
-1
-1
-1
-1
-1
-1
-1
-1
-1
6829	12597	154	607
-1
-1
-1
-1
-1
-1
-1
-1
-1
-1
-1
-1
-1
-1
-1
-1
-1
2437	6872	3036
-1
-1
-1
-1
3036	2437	6872
-1
-1
-1
-1
-1
-1
-1
-1
-1
-1
-1
-1
-1
-1
-1
-1
-1
-1
-1
-1
-1
-1
-1
351	7798	260	12128
-1
-1
-1
-1
-1
2437	3036	13032	10929
-1
-1
-1
-1
-1
-1
-1
-1
-1
-1
626
-1
4298
-1
-1
-1
-1
8154	351	8107	3311
-1
-1
-1
-1
-1
-1
-1
-1
-1
-1
626
-1
98	4399
-1
-1
-1
-1
-1
-1
-1
-1
-1
-1
-1
-1
-1
-1
-1
-1
-1
-1
-1
-1
-1
-1
-1
-1
-1
-1
-1
-1
-1
-1
-1
-1
-1
-1
-1
-1
-1
-1
-1
11802
-1
351	7126	10336
-1
-1
-1
-1
-1
-1
-1
-1
-1
-1
-1
-1
-1
-1
-1
-1
-1
-1
4365
-1
-1
-1
-1
-1
-1
-1
-1
-1
-1
-1
-1
-1
-1
-1
-1
-1
-1
-1
-1
-1
-1
-1
-1
-1
-1
-1
-1
351
-1
9576
-1
-1
-1
-1
-1
7330	351	7798	260	12128	8885	7289	9483
-1
-1
-1
351
-1
-1
-1
-1
-1
-1
-1
-1
-1
-1
-1
-1
7723	7974	9436	8268	1317	154	12597
-1
-1
-1
-1
-1
-1
-1
-1
-1
-1
-1
-1
11802
-1
-1
-1
-1
-1
-1
-1
-1
-1
-1
-1
-1
-1
-1
7289	9483	147	6106
-1
-1
-1
-1
-1
-1
-1
-1
-1
-1
-1
-1
-1
-1
-1
-1
-1
-1
-1
-1
-1
-1
-1
-1
-1
-1
-1
-1
-1
-1
-1
-1
-1
-1
-1
-1
-1
-1
-1
-1
-1
-1
7289	9483	147	6106
-1
9483	7330	351	7798	260	12128	8885	7289
-1
-1
-1
-1
-1
-1
-1
-1
-1
3036
-1
-1
-1
-1
-1
-1
-1
-1
-1
-1
-1
-1
-1
-1
-1
-1
-1
-1
-1
-1
-1
-1
-1
-1
-1
-1
-1
-1
-1
-1
-1
-1
-1
-1
-1
-1
-1
-1
-1
4298
-1
-1
12260	7788	98
-1
-1
-1
-1
-1
-1
-1
-1
-1
-1
-1
-1
-1
-1
351
-1
351	8885
-1
-1
-1
-1
-1
-1
-1
-1
-1
-1
-1
-1
-1
-1
-1
-1
-1
-1
-1
-1
-1
-1
-1
-1
-1
-1
-1
-1
-1
-1
-1
-1
-1
-1
-1
-1
-1
-1
-1
-1
-1
-1
-1
-1
7723	7974	9436	8268	1317
-1
-1
-1
-1
-1
-1
-1
-1
-1
-1
-1
-1
351
-1
-1
-1
-1
6872
-1
-1
-1
-1
-1
-1
-1
-1
-1
-1
-1
-1
-1
106
-1
-1
-1
2437	3036	6872
-1
-1
-1
11991
-1
-1
-1
-1
-1
-1
7531
-1
-1
-1
-1
-1
-1
-1
-1
-1
-1
4365	9576
12260	4399
-1
7723	7974	9436	8268	1317
-1
-1
-1
-1
-1
-1
-1
-1
-1
-1
-1
-1
-1
-1
-1
-1
-1
-1
-1
-1
-1
-1
-1
-1
-1
-1
-1
626	12597	154
-1
-1
-1
-1
-1
-1
-1
-1
-1
-1
-1
-1
-1
3036	2437
-1
-1
6872
-1
-1
-1
6106
4365
4298
-1
-1
-1
-1
-1
-1
-1
-1
-1
-1
-1
-1
-1
-1
-1
-1
9576
11802
-1
12517
-1
-1
-1
-1
4298
-1
-1
-1
-1
-1
-1
-1
-1
-1
-1
3036
-1
-1
-1
-1
-1
-1
-1
-1
-1
-1
-1
-1
-1
-1
-1
-1
-1
-1
-1
-1
-1
-1
-1
-1
-1
-1
-1
-1
-1
-1
-1
-1
-1
-1
-1
-1
-1
-1
-1
-1
-1
-1
-1
-1
2437	3036
-1
-1
-1
-1
-1
-1
-1
626
-1
-1
-1
-1
-1
-1
-1
-1
-1
-1
-1
-1
98	7788	4319	908	12	12260
-1
-1
-1
-1
7723	8268	2242	1317	106	12597	1961
-1
3036	2437
-1
-1
-1
-1
-1
-1
-1
-1
-1
-1
-1
-1
-1
-1
-1
7126
-1
-1
-1
-1
-1
-1
-1
-1
4823
-1
-1
-1
-1
-1
-1
-1
-1
-1
-1
-1
-1
-1
-1
-1
-1
-1
-1
-1
-1
-1
-1
-1
-1
-1
-1
7798	3116	12128	260
-1
-1
-1
-1
-1
9483	7330	351	7798	260	12128	8885	7289
4365	9576
-1
-1
-1
-1
-1
-1
2437
-1
-1
-1
-1
-1
-1
-1
-1
-1
-1
-1
-1
-1
-1
-1
4298
-1
-1
-1
-1
-1
-1
-1
-1
-1
-1
-1
-1
-1
-1
11991
-1
-1
-1
-1
-1
-1
-1
-1
-1
-1
-1
-1
9170	8107	351	7798	260	3116	12128	2126	4298
-1
-1
-1
-1
-1
-1
-1
-1
2437	6872
-1
-1
-1
106
-1
-1
-1
-1
351	7798	260	12128
-1
-1
-1
-1
-1
-1
-1
-1
-1
-1
-1
3316	9882	9595	8748	3055	3273
-1
-1
-1
-1
-1
-1
-1
-1
-1
-1
-1
-1
-1
7330	351	7798	260	3116	12128	8885	9483	7289
-1
-1
-1
-1
-1
-1
-1
-1
-1
2437	3036	351
-1
-1
-1
-1
-1
11802
-1
-1
-1
-1
-1
-1
-1
-1
-1
-1
-1
-1
-1
-1
-1
-1
-1
-1
-1
-1
-1
-1
3036	6872	2437
-1
7723	7974	9436	8268	1317	12597	154
-1
-1
-1
-1
-1
-1
-1
-1
6872	2437	3036	6872	2437	3036
-1
-1
-1
-1
-1
-1
-1
-1
-1
-1
-1
-1
-1
-1
-1
-1
-1
-1
-1
-1
-1
-1
-1
-1
-1
-1
-1
-1
-1
-1
-1
-1
2437	3036
-1
-1
-1
-1
-1
7723	7974	9436	8268	1317	7531
-1
-1
-1
-1
-1
-1
-1
-1
-1
-1
-1
11802
-1
-1
-1
-1
-1
-1
-1
-1
-1
4298
-1
-1
-1
-1
-1
-1
-1
-1
-1
-1
-1
-1
-1
4298
-1
-1
-1
-1
-1
-1
-1
-1
-1
-1
-1
-1
-1
-1
-1
-1
-1
-1
-1
-1
-1
-1
-1
9576
-1
-1
-1
-1
-1
-1
-1
-1
-1
-1
-1
-1
-1
-1
-1
-1
-1
-1
-1
-1
-1
-1
-1
-1
2539
11802	5982	626
-1
-1
-1
-1
-1
3036
-1
13032	11732	9576	10929
-1
-1
-1
-1
3036	2437	6872
-1
-1
11802	626
-1
-1
-1
-1
-1
-1
-1
-1
-1
-1
-1
-1
-1
-1
-1
9170	351	7798	260	3116	12128	2126	4298
-1
-1
-1
13032	11732
-1
-1
-1
3036	6872	2437
-1
-1
-1
-1
-1
-1
2437
-1
-1
-1
-1
-1
-1
-1
-1
-1
-1
-1
-1
-1
-1
-1
2437
-1
-1
-1
-1
-1
-1
11991
-1
-1
-1
-1
-1
-1
-1
-1
-1
-1
3036	6872
-1
-1
11073
-1
-1
-1
-1
6829
-1
-1
351	8107	3311
-1
-1
-1
-1
2437
-1
-1
-1
-1
-1
-1
-1
-1
-1
-1
12260	8154
-1
-1
-1
7788	98
-1
-1
7330	351	7798	260	3116	12128	8885	7289	9483
-1
-1
-1
-1
-1
-1
-1
-1
-1
-1
-1
4298
9170	351	7798	260	3116	12128	2126	4298
-1
-1
-1
-1
-1
-1
-1
-1
-1
-1
-1
9576
-1
-1
-1
-1
-1
-1
-1
-1
-1
-1
-1
-1
-1
-1
-1
-1
2437	3036
-1
-1
-1
2437
-1
-1
-1
-1
-1
7330	351	2234	7245
-1
-1
-1
-1
-1
-1
-1
-1
-1
-1
-1
-1
-1
-1
-1
-1
-1
-1
-1
-1
-1
-1
626
4365
-1
-1
-1
-1
-1
-1
-1
-1
-1
-1
-1
-1
-1
-1
-1
-1
-1
-1
-1
-1
-1
-1
-1
11991	13032	9576	6872	4365
-1
-1
-1
-1
-1
-1
-1
-1
-1
-1
-1
-1
3036
-1
-1
-1
-1
-1
-1
-1
-1
-1
-1
-1
4298
-1
-1
-1
-1
7330	351	7798	260	3116	12128	8885	7289	9483
11802
-1
-1
-1
-1
-1
-1
-1
-1
3036
-1
-1
-1
-1
-1
-1
-1
-1
-1
12
-1
-1
-1
-1
-1
-1
-1
-1
-1
-1
-1
-1
-1
-1
-1
-1
11991
-1
9170	351	7798	260	3116	12128	2126	4298
-1
-1
-1
-1
-1
-1
-1
-1
-1
4298
-1
-1
-1
-1
7330	351	7798	260	3116	12128	8885	7289	9483
-1
-1
-1
-1
-1
-1
-1
-1
-1
-1
-1
-1
-1
-1
-1
-1
-1
-1
-1
-1
-1
-1
-1
-1
4365
-1
-1
-1
-1
-1
-1
9170	351	7798	260	3116	12128	2126	4298
-1
-1
-1
-1
-1
-1
-1
9170	351	7798	260	3116	12128	2126	4298
-1
-1
-1
-1
-1
-1
-1
-1
-1
11802
-1
-1
-1
-1
-1
-1
-1
-1
-1
-1
-1
-1
-1
-1
-1
-1
-1
-1
-1
-1
-1
-1
-1
-1
-1
-1
-1
-1
-1
-1
-1
-1
-1
-1
-1
-1
-1
-1
-1
-1
-1
-1
-1
-1
-1
-1
-1
-1
-1
-1
-1
-1
-1
-1
-1
-1
-1
-1
-1
-1
-1
-1
-1
-1
351
-1
-1
-1
-1
-1
-1
-1
-1
-1
-1
-1
-1
-1
-1
-1
-1
-1
-1
-1
-1
-1
-1
-1
-1
-1
-1
-1
-1
-1
-1
-1
-1
-1
-1
13032
-1
-1
-1
-1
-1
-1
-1
-1
-1
-1
-1
-1
-1
-1
-1
-1
-1
-1
-1
-1
-1
-1
-1
-1
-1
-1
-1
-1
-1
626
-1
-1
-1
-1
-1
-1
-1
-1
-1
-1
-1
-1
-1
-1
-1
-1
-1
-1
-1
-1
-1
-1
-1
-1
-1
-1
-1
-1
-1
-1
-1
-1
-1
-1
-1
-1
-1
-1
-1
-1
-1
-1
-1
-1
-1
-1
-1
-1
-1
-1
7330	351	7798	260	3116	12128	8885	7289	9483
-1
-1
-1
-1
-1
-1
-1
9170	351	7798	260	3116	12128	2126	4298
-1
-1
-1
-1
-1
2437	3036
-1
-1
-1
-1
-1
-1
-1
-1
-1
11802	7126
-1
-1
-1
-1
-1
-1
-1
-1
-1
-1
-1
-1
-1
-1
7723	8268	2242	1317	849	9436	9704	11606
-1
-1
-1
-1
-1
-1
-1
8885
-1
-1
-1
-1
-1
-1
-1
-1
-1
-1
-1
-1
-1
-1
-1
-1
11991
-1
-1
-1
-1
-1
-1
-1
-1
4298
4298
-1
-1
-1
9576
-1
-1
-1
-1
-1
-1
-1
-1
-1
-1
-1
-1
-1
-1
-1
-1
-1
-1
-1
-1
-1
-1
-1
-1
-1
-1
-1
-1
-1
-1
-1
-1
-1
-1
-1
-1
-1
-1
-1
-1
-1
-1
-1
-1
-1
-1
-1
-1
-1
-1
-1
-1
-1
-1
-1
-1
351	13032	2234
-1
-1
-1
-1
-1
-1
-1
-1
-1
9595	3316	9882	8748
-1
-1
-1
-1
-1
-1
-1
-1
-1
-1
-1
-1
-1
-1
-1
-1
-1
-1
-1
-1
-1
-1
-1
-1
-1
-1
-1
-1
2437	6872
-1
908	98
-1
-1
-1
-1
-1
-1
-1
-1
-1
-1
-1
-1
-1
-1
-1
-1
-1
-1
-1
-1
-1
9170
-1
-1
-1
-1
-1
-1
-1
-1
-1
-1
-1
-1
-1
-1
-1
-1
-1
-1
11802
11802
8246
-1
-1
-1
-1
-1
-1
-1
9483	7330	351	7798	260	12128	8885	7289
-1
-1
-1
-1
-1
-1
626
-1
-1
-1
-1
-1
-1
-1
-1
-1
-1
-1
-1
-1
-1
-1
-1
-1
-1
-1
-1
-1
-1
-1
-1
-1
-1
-1
-1
-1
-1
-1
-1
-1
-1
-1
-1
-1
7788
13032	3881	11732	8633	2660	10929
-1
-1
-1
-1
1098	3311	2437	3036
-1
-1
-1
-1
-1
-1
-1
-1
626
-1
2437	6872
-1
-1
-1
-1
-1
11802
-1
-1
-1
4365
-1
7723	7974	9436	8268	1317	3311	12597
-1
-1
-1
-1
-1
-1
-1
-1
-1
-1
-1
-1
-1
-1
-1
-1
-1
-1
-1
-1
-1
-1
-1
-1
-1
-1
-1
-1
-1
-1
-1
-1
-1
-1
-1
-1
-1
-1
-1
-1
6872	3036
-1
-1
-1
-1
-1
-1
-1
-1
-1
-1
9483	7330	351	7798	260	12128	8885	7289
-1
-1
-1
-1
-1
-1
-1
-1
-1
-1
-1
-1
-1
-1
-1
-1
-1
-1
-1
-1
-1
-1
2437	3036
-1
-1
-1
-1
-1
-1
-1
-1
-1
9170	351	7798	260	3116	12128	2126	4298
9483
-1
98
-1
-1
-1
12517
-1
-1
-1
-1
-1
-1
7126
-1
-1
-1
-1
-1
-1
-1
-1
-1
-1
-1
11073
-1
-1
-1
-1
-1
-1
-1
-1
-1
-1
-1
-1
-1
-1
-1
-1
-1
-1
-1
-1
-1
-1
-1
-1
-1
13032
-1
106
-1
9483	7330	351	7798	260	12128	8885	7289
-1
-1
-1
2437
-1
-1
-1
-1
-1
-1
-1
-1
-1
-1
-1
-1
-1
-1
-1
-1
-1
4365
-1
-1
-1
-1
-1
-1
-1
-1
-1
11991	13032	9576	6872
-1
-1
-1
-1
-1
-1
-1
-1
-1
7330	351	7798	260	3116	12128	8885	7289	9483
-1
-1
-1
-1
-1
-1
-1
11802	147
-1
-1
-1
-1
-1
9483	7330	351	7798	260	12128	8885	7289
-1
-1
-1
-1
-1
-1
-1
-1
-1
-1
-1
-1
-1
-1
-1
-1
-1
-1
7788
-1
-1
-1
-1
-1
-1
-1
-1
-1
13032
-1
-1
-1
-1
-1
-1
-1
-1
-1
-1
-1
-1
-1
-1
-1
-1
-1
-1
-1
-1
-1
-1
-1
-1
-1
-1
-1
-1
-1
-1
9704	11606	106	12597	7723	8268	2242	1961	1317	849	9436
-1
-1
-1
-1
-1
-1
-1
8154
-1
-1
-1
6829
-1
2660	7824	3881	11073	11732	8633	7617	13032	2720	10336	8107	4298	4823	7864	9170	9027
351	4399	12260
-1
-1
-1
-1
-1
-1
7974	7723	849	9436	1317
-1
-1
-1
-1
-1
-1
-1
-1
-1
-1
-1
-1
-1
-1
2437
-1
-1
-1
-1
-1
-1
-1
-1
-1
-1
-1
-1
-1
-1
-1
-1
-1
-1
-1
-1
-1
-1
-1
-1
-1
-1
-1
-1
-1
-1
-1
-1
-1
-1
-1
-1
-1
-1
-1
-1
-1
-1
-1
-1
-1
-1
-1
-1
9170	351	7798	260	3116	12128	2126	4298
3036	2437	6872
12
9576
-1
-1
-1
-1
-1
-1
-1
9576
-1
-1
-1
3036	2437
-1
-1
98	4399
-1
-1
-1
-1
-1
-1
-1
-1
-1
-1
-1
-1
351	7798	260	12128
-1
-1
-1
-1
-1
9170
-1
-1
-1
-1
-1
-1
-1
-1
-1
-1
-1
-1
4365
11991
-1
-1
11802
-1
-1
-1
-1
-1
-1
-1
-1
-1
4365
-1
3036
-1
-1
6872
-1
-1
-1
-1
-1
-1
-1
-1
-1
-1
-1
-1
-1
-1
-1
-1
-1
-1
-1
-1
-1
-1
-1
-1
-1
9170	351	7798	260	3116	12128	2126	4298
-1
-1
-1
9170	351	7798	260	3116	12128	2126	4298
-1
-1
-1
-1
-1
-1
-1
-1
13032
7330	351	7798	260	3116	12128	8885	7289	9483
2437	6872
-1
-1
-1
626
-1
-1
-1
-1
-1
-1
-1
-1
-1
-1
8633	3881	3164	7245	2234	11732
-1
-1
-1
-1
-1
2660	11073	3881	13032	2437	11991
-1
-1
-1
-1
-1
-1
-1
-1
-1
-1
-1
-1
-1
-1
-1
-1
-1
-1
-1
-1
-1
-1
2437	3036	6872
-1
-1
-1
-1
12
-1
-1
-1
-1
-1
-1
2437	6872	3036
-1
-1
3036	2437	6872
-1
-1
-1
-1
147	3273	1098	11829
-1
-1
6872
-1
-1
-1
-1
-1
-1
-1
-1
3716
-1
-1
-1
2126	8574	4365
-1
-1
8574	4365	2126
-1
-1
4298
-1
351	8107	3311
-1
-1
-1
-1
-1
-1
-1
-1
-1
-1
-1
7330	351	7798	260	3116	12128	8885	7289	9483
-1
-1
4298
-1
-1
-1
4399
-1
-1
-1
-1
-1
-1
-1
-1
-1
-1
-1
-1
98
-1
-1
-1
-1
-1
-1
-1
-1
-1
-1
-1
-1
-1
-1
-1
-1
-1
9576
-1
6872	3036	2437
351	7798	260	3116	12128
-1
-1
351
-1
9170	351	7798	260	3116	12128	2126	4298
-1
-1
-1
-1
-1
-1
-1
607	11427
-1
7330	351	7798	260	12128	8885	9483
-1
-1
-1
-1
-1
-1
-1
-1
-1
-1
3036	2437	6872
-1
-1
-1
-1
-1
-1
7330	351	7798	260	3116	12128	8885	7289	9483
-1
-1
-1
-1
-1
-1
-1
-1
98
-1
-1
351	7798	260
4365
-1
-1
-1
4298
-1
-1
4365
-1
-1
-1
-1
-1
-1
626
-1
-1
-1
-1
-1
-1
-1
-1
-1
-1
-1
106	12597	1961
-1
-1
-1
-1
7330	351	7798	260	3116	12128	8885	7289	9483
-1
9170	351	7798	260	3116	12128	2126	4298
-1
-1
-1
-1
-1
-1
-1
-1
-1
106	7531	6829	626	11802	12260	3036	7723	8268	2242	1317	849	9436	9704	11606	1961
-1
-1
-1
-1
-1
-1
-1
-1
-1
-1
13032
-1
-1
-1
-1
-1
-1
-1
-1
4298	4823
-1
-1
-1
-1
-1
-1
-1
-1
-1
-1
-1
9170	351	7798	260	3116	12128	2126	4298
-1
-1
-1
-1
-1
-1
-1
98	7788
-1
