8142
12656
3890
4579
13847
702
5937
9254
2729
5724
5618
6141
1395
3517
2432
4047
2011
7931
4556
7301
9227
13452
201
1221
8695
3485
451
6356
8264
10579
9388
10717
10653
10790
5187
7024
10017
1325
4391
8730
1080
8131
13414
8692
11867
2614
9505
1684
12299
12613
10740
12843
7645
13151
3706
4608
12540
1726
8153
9140
7905
3141
3204
8253
1749
8830
3970
709
3414
11628
2442
9634
135
11302
6667
6673
6361
13913
8592
12831
12757
9414
6378
6377
2994
1906
5313
12762
5823
8591
2799
12220
6929
9787
11422
6664
8594
11309
7562
6329
6011
3286
13
3274
4589
8156
8470
12231
12819
13631
2353
1742
11476
13378
13376
11690
305
12801
12400
4286
8318
3085
4360
6387
6534
9085
11880
5354
10564
376
2177
7361
5190
6899
6569
12783
7379
514
3888
7217
5908
965
8070
5652
11629
12560
2790
6116
6820
783
11250
6585
8776
11403
652
2239
4910
9294
1553
5398
3314
3045
7790
4364
6210
11306
8577
6944
8634
838
1010
7756
11618
11485
1202
871
829
8590
1547
10901
4199
1162
1435
2321
4460
11634
1334
458
231
161
9896
13938
1769
13556
2425
6166
4120
10314
3078
270
11339
8667
11349
1790
229
10354
5269
4031
4928
13484
3347
4020
7224
2681
12942
3807
3961
314
7765
10372
7551
6222
13785
4769
3451
9684
1281
13653
11010
13375
9694
13603
3898
3719
2526
1400
9717
7066
8553
5872
691
7259
1997
1019
6486
1398
10218
2154
6478
6640
12419
4800
6069
8437
3546
1157
6549
9077
13128
4065
11030
3066
5700
12534
11570
4004
4260
6660
9023
4544
13094
6884
2494
12511
5687
2818
11199
10318
391
3559
5141
8729
1788
2689
785
11944
5062
1107
8270
9752
9754
9153
9703
11661
5777
3370
2948
9445
1261
5717
10939
9689
3294
12163
710
13879
12469
912
7735
145
298
7366
1344
2760
2219
13723
1485
12596
4242
76
12939
10978
9083
3992
4676
412
7314
7613
13200
3808
8907
9577
13041
10051
1947
5906
12946
7492
6681
12008
9988
8785
775
2703
3846
1983
9259
4538
6687
539
1879
9825
1263
8312
4048
10437
10716
5120
10906
3644
8636
4247
1027
3148
2383
10103
8800
1259
10938
4511
4867
2074
1817
7325
3764
7184
8046
12175
7834
809
11886
2695
3584
5612
1754
8232
12015
6498
13305
1048
8512
5843
5657
3616
7115
6218
12794
6188
8011
8712
7053
2736
5808
10285
12356
3952
5011
2495
4531
6323
7658
2152
12224
4654
12856
1129
5170
4477
1371
13711
2311
10946
12217
2218
945
77
2738
5048
5892
13761
13805
9652
13708
13725
13812
13774
79
8161
1473
751
12525
9585
10395
1084
2032
6357
3763
10570
297
13442
12129
3598
2528
1055
6490
7665
5864
2944
4367
256
4204
5403
6268
1423
2371
5520
492
9718
6962
5383
1866
2336
6811
921
9539
2935
12000
579
3132
8211
9981
4973
434
6303
3096
3843
1868
222
9982
8043
12561
1212
12887
6250
4661
1747
1060
10047
3497
7151
11682
2084
2006
897
692
7768
2675
3654
7070
9398
534
12180
9674
10456
9003
12342
6896
7263
12445
5470
792
1603
8383
341
9086
3587
2945
6460
2245
9501
5958
649
6632
13623
2520
12706
7618
12718
3165
10114
3581
12995
226
5961
4289
9156
2873
11398
813
9786
9551
13081
5457
1176
11123
6245
3842
5850
1097
2649
11075
1194
1707
8150
10348
3119
12614
12839
6954
3683
11766
6626
8326
11006
3738
5690
2479
9252
9690
10879
5448
9926
11248
2898
1079
13236
9687
3476
5890
1959
3312
4617
4821
4377
6300
11863
916
5460
9768
8071
3990
3780
9455
3819
11601
12102
5369
1321
1255
11992
3554
6463
6273
5139
1870
13937
3752
6381
5024
5948
6843
679
3700
2204
6565
10605
553
8114
1869
10196
5424
7975