10948
908
9604
12
9865
6421
4365
1294
2126
10091
10929
10171
8574
6001
3032
13032
3881
3716
9842
11204
12097
12312
351
7798
260
3116
12128
7288
8885
7289
9483
12292
2285
3570
11591
7330
3401
11232
9237
1123
10322
6617
5969
7291
2234
3164
12091
8107
4298
4823
7864
7824
10336
9170
9027
7617
2720
11073
11732
8633
2660
9576
7717
1782
3311
11122
11118
11590
5234
7724
2549
6937
8349
5161
9440
5418
3921
2252
11866
10368
11427
8825
385
7016
626
7788
4614
8827
9828
4319
8280
4399
8783
11176
12260
11836
3805
8281
7962
5982
1349
8154
7299
2692
1295
7042
2539
607
1098
11829
4641
8193
10265
3055
3273
3012
3189
5884
1372
1561
11611
10052
190
1992
9303
1007
10800
9491
12048
7836
5215
1634
7048
2680
12517
12989
13056
7126
2714
6106
7936
147
11101
11802
6111
10054
11991
3316
9882
8748
9595
8246
2437
6872
3036
236
98
6282
6829
7531
7723
8268
12918
2242
1317
7974
849
9436
9704
11606
3086
10030
7245
10747
1772
907
9204
1961
12597
106
7436
4740
2485
11888
1848
4000
7611
154
9877
13405
11641
1808
8421
