-1
-1
-1
-1
5248	5247	125
-1
-1
-1
-1
-1
-1
-1
-1
-1
-1
-1
-1
-1
-1
-1
-1
420	421	422
-1
-1
-1
-1
-1
-1
-1
-1
-1
-1
-1
497	498
-1
-1
12263	12261	12262
-1
-1
-1
-1
-1
498
-1
-1
-1
420	422	421
-1
-1
-1
-1
-1
-1
-1
-1
430	431	127	120	5247	125	5248	5249	5250	420	421	122	429
-1
498
-1
-1
-1
-1
12266
-1
-1
-1
-1
-1
-1
-1
-1
420	421	422
-1
-1
-1
12266
-1
-1
-1
-1
-1
-1
-1
-1
-1
-1
-1
-1
-1
-1
-1
-1
-1
-1
-1
-1
-1
-1
338
-1
12262
-1
-1
-1
338	8039
-1
338	339	340	341	342	420	421	422
8039	420	429	125	136
-1
-1
-1
-1
-1
-1
-1
-1
-1
-1
-1
-1
-1
-1
-1
-1
-1
-1
-1
-1
-1
-1
-1
-1
-1
-1
-1
-1
-1
122	121	429	126
-1
-1
-1
-1
-1
5247	5251	5248	420	429	125
-1
-1
-1
127	11028
498	497	499
172
-1
-1
-1
12263	12261	12262
-1
-1
-1
-1
429	125	127
-1
-1
-1
420	421	422
-1
-1
-1
-1
-1
-1
-1
-1
-1
173
-1
-1
-1
-1
-1
-1
-1
-1
-1
-1
-1
-1
-1
-1
-1
-1
-1
-1
-1
-1
-1
-1
-1
-1
-1
-1
173	172
-1
5249	5250	5248	5251	5247	120
-1
-1
6916
-1
-1
-1
429	430	431
-1
-1
-1
-1
12263
-1
122	121	124	120
-1
7535
-1
-1
8039
-1
-1
-1
-1
-1
-1
-1
-1
-1
-1
12266
-1
-1
-1
-1
-1
-1
-1
-1
-1
-1
-1
-1
-1
-1
-1
-1
-1
-1
-1
-1
-1
-1
-1
5248	5247	125	5249
-1
-1
-1
-1
-1
-1
-1
-1
-1
-1
-1
-1
-1
-1
498	497
-1
-1
-1
-1
-1
-1
-1
-1
-1
-1
-1
-1
-1
-1
-1
-1
-1
-1
-1
-1
-1
-1
-1
-1
-1
-1
-1
-1
338	339	340
-1
-1
-1
-1
-1
-1
-1
-1
-1
-1
-1
-1
-1
-1
-1
-1
-1
-1
-1
-1
-1
-1
-1
-1
-1
-1
-1
-1
-1
-1
-1
13115	13230
-1
-1
340	342	339	341	338	125	127	5248	5247	5250	420	421	422
-1
-1
-1
-1
-1
-1
-1
-1
-1
-1
-1
-1
-1
-1
-1
-1
-1
133	12263	120	121
-1
-1
-1
-1
-1
12266
-1
-1
5248	5247
-1
-1
-1
-1
-1
-1
-1
-1
-1
-1
-1
-1
-1
-1
12263	12261	12262
-1
-1
-1
-1
-1
-1
-1
-1
-1
-1
-1
-1
-1
-1
-1
-1
-1
-1
-1
-1
-1
-1
-1
-1
-1
-1
-1
-1
-1
-1
-1
-1
-1
-1
-1
-1
-1
-1
-1
-1
12645
-1
-1
-1
-1
-1
-1
-1
-1
-1
-1
-1
-1
-1
-1
-1
-1
-1
-1
-1
-1
-1
-1
-1
3707
-1
-1
-1
-1
-1
-1
-1
-1
-1
-1
-1
-1
420	429
-1
-1
-1
-1
-1
-1
-1
-1
-1
-1
-1
-1
-1
-1
-1
-1
-1
-1
-1
-1
125	126	127
340
-1
-1
-1
5248	5247	5251	5249	5250
-1
-1
-1
-1
-1
-1
-1
-1
-1
-1
-1
-1
-1
-1
-1
-1
-1
-1
-1
-1
-1
-1
-1
-1
-1
-1
-1
-1
498	497
-1
-1
-1
-1
-1
-1
-1
-1
-1
-1
-1
-1
-1
-1
-1
-1
-1
-1
12262
-1
-1
-1
-1
-1
-1
-1
-1
12263	12261
-1
-1
-1
-1
-1
-1
8040
-1
-1
338
-1
-1
-1
-1
-1
-1
-1
-1
-1
-1
-1
338	339	340
-1
-1
-1
-1
340	338	339	341	342
-1
125
-1
-1
-1
-1
-1
-1
-1
-1
-1
-1
497	498	499
-1
-1
-1
-1
-1
-1
-1
-1
-1
-1
-1
420	421	497	498	429	430	422
-1
-1
-1
-1
-1
-1
340
-1
-1
-1
-1
-1
-1
-1
-1
-1
-1
-1
-1
-1
-1
-1
-1
-1
-1
-1
-1
-1
-1
-1
340	341
-1
-1
-1
-1
566
-1
122	121
-1
-1
-1
13230	13052
-1
-1
420	429
-1
-1
-1
-1
-1
-1
497	498	120
-1
-1
5248	5247	125	120	420	421
-1
-1
-1
-1
429	430	431	120	5247	125	5248	420	421	5250	122	5249	127
-1
-1
-1
-1
-1
-1
-1
-1
420	429	498	497
-1
-1
-1
-1
430	125	120	420	421	5248	5247
-1
-1
-1
-1
-1
-1
431	5251	5247	121	127	136	5248	126	5249	125	430	122	5250	429	120
-1
-1
-1
-1
-1
-1
-1
-1
-1
-1
-1
498
-1
-1
-1
-1
-1
-1
-1
-1
-1
-1
12263	127	12262	12261	340
-1
-1
-1
-1
-1
-1
-1
-1
-1
-1
-1
-1
-1
-1
-1
-1
-1
-1
-1
-1
-1
-1
-1
-1
-1
12645	13230
-1
-1
5248	125	127	135	420	421	422
-1
-1
-1
-1
12263
-1
-1
-1
-1
-1
-1
-1
-1
-1
-1
420
-1
-1
-1
-1
-1
-1
-1
-1
-1
-1
-1
-1
-1
-1
-1
-1
-1
-1
-1
-1
-1
-1
-1
-1
-1
-1
-1
-1
-1
-1
12263	12261
-1
-1
-1
-1
-1
-1
-1
-1
-1
340	338	339
-1
-1
-1
-1
-1
339
-1
-1
-1
-1
429
-1
-1
566
-1
12263	12262	12261
-1
-1
-1
-1
-1
-1
-1
-1
-1
-1
-1
420	421
-1
-1
-1
-1
338
12263	12261
-1
-1
-1
-1
-1
-1
-1
-1
-1
-1
-1
-1
-1
-1
-1
-1
12263	12261
-1
-1
-1
5248	5247	125	120	420	421
-1
-1
-1
-1
-1
-1
-1
-1
-1
-1
-1
-1
-1
-1
-1
-1
-1
-1
-1
-1
-1
-1
-1
-1
-1
-1
-1
-1
-1
-1
-1
-1
-1
338	339	340	341	342
-1
-1
-1
-1
-1
-1
-1
-1
-1
-1
-1
-1
-1
-1
338
-1
-1
-1
-1
-1
-1
-1
-1
-1
-1
-1
-1
-1
-1
-1
-1
-1
-1
-1
-1
-1
-1
-1
-1
429	430	431
-1
-1
5452	5453
-1
-1
-1
-1
-1
-1
6844
-1
-1
-1
-1
-1
-1
-1
-1
-1
-1
-1
-1
-1
172	173
-1
-1
-1
-1
5247	429	421
-1
-1
-1
-1
12266
-1
339	338
-1
-1
-1
-1
-1
120	5248
-1
-1
-1
-1
-1
-1
-1
-1
-1
-1
-1
-1
-1
-1
-1
-1
-1
-1
-1
-1
-1
-1
-1
-1
-1
497	498	120	121
-1
-1
-1
6844
-1
-1
-1
-1
-1
-1
-1
-1
-1
-1
-1
-1
-1
-1
-1
-1
-1
-1
-1
-1
-1
-1
-1
-1
429
-1
-1
-1
-1
-1
13054	13053
-1
-1
-1
-1
-1
-1
-1
-1
-1
12263	12261	12262
-1
-1
-1
-1
-1
-1
-1
-1
-1
-1
-1
-1
-1
-1
-1
-1
-1
-1
5247	125	420	429
-1
-1
-1
-1
-1
-1
-1
5247	5248	126	338	339
-1
-1
-1
-1
-1
-1
-1
-1
-1
-1
-1
-1
-1
-1
-1
-1
5248
-1
-1
-1
-1
-1
-1
-1
-1
-1
-1
-1
-1
-1
497	498
-1
-1
-1
-1
-1
339
-1
-1
-1
-1
-1
-1
127	121	429	430	431	5248	5249	5250	5247	5251	120	122	126	125
-1
-1
-1
-1
-1
-1
420	429	430	421	422	431
-1
6844
-1
-1
-1
-1
-1
-1
-1
-1
-1
-1
-1
-1
498
-1
497
-1
-1
-1
-1
-1
-1
-1
-1
-1
-1
-1
-1
-1
125	338	339	340	341	342
-1
-1
-1
-1
340	338	339
-1
-1
339	340
-1
-1
-1
-1
-1
-1
-1
420	429	5247	497
-1
-1
-1
-1
-1
-1
5248	125
-1
-1
127	135	136	8041	420	421	429	430	5248	431	338	339	340	341	342	125	5247	5249	5250	120	121	122	123
-1
420	429	431	430	498
12639
-1
338	340
-1
-1
-1
-1
-1
-1
-1
-1
-1
-1
-1
-1
-1
126	125	127	5247	5248	338
-1
-1
-1
-1
-1
-1
-1
-1
-1
-1
-1
-1
-1
-1
-1
-1
-1
-1
-1
-1
-1
-1
-1
-1
-1
-1
-1
13115	13052	13054
-1
-1
-1
-1
-1
-1
-1
-1
-1
-1
-1
-1
-1
-1
-1
-1
340	341	342	125	120	420	422	338	339
-1
-1
-1
-1
12645
-1
-1
5248	5249
-1
-1
-1
-1
-1
-1
-1
-1
-1
-1
-1
-1
-1
-1
-1
-1
-1
5248
122	121	124
-1
-1
-1
-1
-1
-1
-1
-1
12263
-1
-1
-1
-1
498	497	499
-1
-1
-1
-1
-1
-1
-1
-1
-1
-1
-1
-1
-1
338	339	340
-1
-1
-1
431	5251	5247	121	127	420	421	422	5248	5249	5250	120	126	125	122	430	429
-1
-1
-1
566
-1
-1
-1
-1
-1
-1
2566
-1
-1
-1
-1
-1
5248	120	125	338
-1
-1
-1
-1
-1
-1
125
-1
-1
-1
-1
-1
-1
-1
-1
-1
-1
-1
-1
-1
-1
11028
341	338	339	340
-1
-1
-1
338
-1
-1
-1
-1
-1
-1
-1
-1
-1
-1
-1
-1
-1
-1
-1
-1
-1
-1
-1
-1
566
-1
-1
-1
-1
-1
-1
13053	13052	13054
-1
-1
-1
12263	12261	12262
-1
-1
-1
-1
-1
-1
-1
11028
-1
-1
-1
420	421
-1
-1
-1
-1
-1
-1
-1
-1
-1
-1
-1
-1
-1
-1
-1
-1
-1
-1
-1
-1
-1
-1
-1
135	125
-1
-1
-1
-1
-1
338	339	341	340
-1
-1
-1
-1
-1
-1
-1
-1
-1
-1
-1
-1
-1
-1
5248	5247	429	420	338
-1
-1
-1
-1
-1
-1
-1
-1
-1
125	121	127	5251	5247	420	421	422	136	5248	5249	122	429	120	431	430	126	5250
172
5248	338	339	340	341	342	420	125
-1
-1
-1
-1
420
-1
-1
-1
-1
-1
-1
-1
-1
-1
338	339	340	341	342
-1
420	338
-1
-1
-1
-1
-1
-1
-1
-1
-1
12266	12266
-1
-1
-1
-1
-1
-1
-1
-1
-1
-1
-1
-1
-1
-1
5248	5250	5249	125
-1
-1
16584	16587
5247
497
-1
-1
-1
-1
-1
-1
-1
-1
-1
-1
-1
-1
-1
-1
-1
-1
-1
-1
-1
-1
-1
-1
-1
-1
339
-1
-1
-1
-1
-1
-1
-1
-1
-1
-1
-1
-1
-1
122	121	124	120	123	126	136
-1
-1
-1
-1
-1
-1
-1
-1
-1
-1
-1
-1
-1
-1
-1
-1
-1
-1
12263
-1
-1
-1
-1
-1
-1
-1
-1
-1
-1
-1
-1
-1
-1
-1
-1
-1
-1
-1
-1
-1
136	5247	5251	5249	5250	420	421	429	430	125	431	338	339	340	341	342	5248	120	121	122	123	127	135
-1
-1
-1
-1
-1
-1
-1
-1
-1
-1
-1
-1
-1
-1
-1
-1
-1
-1
-1
-1
-1
-1
-1
-1
-1
-1
-1
-1
-1
-1
-1
-1
-1
-1
-1
-1
-1
-1
-1
-1
-1
-1
-1
-1
497	498
-1
-1
-1
498	497
-1
-1
12261	12263	12262
-1
-1
-1
-1
-1
-1
-1
-1
-1
-1
421	342	420	422	5248	125	127	5247	5250	341	339	340	338
-1
-1
125	126	127
-1
420	421	422
-1
-1
497	498	499	120	121
-1
122	121	125	5248	420	421	422	429	430
-1
-1
338	339
-1
-1
-1
-1
12266
-1
-1
-1
-1
-1
429	420
-1
420
-1
-1
-1
-1
-1
-1
13052
-1
-1
-1
-1
-1
-1
-1
-1
-1
12263
-1
-1
-1
-1
-1
-1
-1
-1
12263	12261	12262
-1
-1
-1
-1
-1
-1
-1
420	421
-1
-1
-1
-1
-1
-1
-1
-1
-1
-1
-1
-1
-1
339	340	341	342	420	421	422	429	430	431	5248	5247	5251	5249	5250	125	127	338
-1
12263	12261	12262
-1
-1
-1
-1
-1
-1
-1
-1
-1
-1
-1
-1
-1
-1
-1
-1
-1
-1
-1
-1
-1
-1
420
-1
-1
-1
-1
-1
-1
-1
-1
-1
-1
-1
-1
-1
-1
-1
498
-1
-1
-1
-1
341	342	125	420	422	338	339	340
-1
-1
-1
-1
-1
-1
-1
-1
-1
-1
-1
-1
-1
-1
-1
-1
-1
-1
-1
-1
-1
-1
-1
-1
-1
-1
-1
-1
-1
-1
-1
-1
-1
339	340
-1
-1
-1
-1
340
-1
3707
-1
-1
-1
-1
-1
-1
-1
-1
-1
-1
-1
-1
-1
-1
-1
-1
-1
-1
-1
-1
-1
-1
-1
-1
-1
-1
-1
-1
566
125	127	120	420	429
-1
-1
-1
-1
-1
-1
-1
-1
-1
-1
-1
-1
-1
-1
-1
-1
-1
-1
-1
-1
-1
-1
-1
-1
-1
-1
126	127
-1
-1
-1
-1
-1
-1
-1
-1
-1
-1
-1
-1
13053	13052
-1
-1
-1
-1
-1
-1
16996
-1
-1
-1
-1
-1
-1
-1
-1
-1
-1
-1
-1
-1
-1
-1
-1
-1
-1
-1
-1
-1
338
-1
-1
-1
12263	12262	12261
172	173
338
-1
-1
-1
-1
-1
-1
-1
497
-1
-1
-1
-1
-1
-1
-1
-1
-1
-1
-1
-1
-1
-1
-1
-1
-1
-1
-1
-1
-1
-1
-1
-1
-1
-1
-1
-1
-1
-1
-1
340	341	338	339	342
-1
-1
-1
-1
-1
-1
-1
-1
8039
-1
-1
-1
-1
-1
429
-1
-1
-1
126	429	5247	122	121	5249	5250	5248	431	430	127	5251	120	125
-1
-1
-1
-1
-1
-1
120
-1
5251	5247	430	431	429
-1
-1
338
-1
-1
-1
-1
12263	12261	12262
341	338	342	339	340
-1
-1
-1
-1
-1
-1
-1
-1
125	5248
-1
-1
-1
12262	12261	12263
-1
-1
-1
-1
-1
-1
-1
12266
-1
-1
-1
-1
-1
-1
-1
-1
-1
-1
-1
-1
-1
-1
-1
-1
-1
-1
-1
-1
-1
18715	18713
-1
-1
-1
-1
-1
-1
-1
-1
-1
-1
-1
-1
-1
-1
-1
-1
-1
-1
5248	5247	5250
-1
-1
-1
-1
-1
-1
12263	12261
-1
-1
-1
-1
-1
-1
-1
-1
-1
11902
-1
-1
-1
125	127	429	430	431	5249	5248	5250	120	122	126	5247	5251	121
-1
-1
-1
-1
12266
-1
-1
-1
-1
5248	5249
-1
-1
-1
-1
-1
-1
-1
-1
-1
-1
-1
-1
-1
-1
-1
-1
-1
-1
-1
-1
-1
-1
-1
-1
-1
-1
-1
-1
-1
-1
-1
-1
-1
-1
5248	5249
-1
-1
-1
-1
-1
-1
-1
-1
-1
-1
12266
-1
-1
-1
-1
-1
-1
-1
-1
-1
-1
-1
-1
-1
-1
-1
-1
-1
340	338	339
-1
-1
-1
-1
-1
-1
-1
-1
-1
-1
420	429	498
-1
-1
5248	5247
-1
-1
-1
-1
-1
-1
-1
-1
-1
-1
-1
-1
-1
340	339	338
-1
-1
-1
-1
-1
-1
-1
-1
-1
-1
-1
-1
-1
-1
-1
-1
-1
-1
5248	5249	136	125
-1
-1
-1
-1
-1
-1
-1
-1
-1
-1
-1
-1
-1
-1
-1
-1
-1
-1
-1
-1
-1
-1
-1
-1
-1
-1
-1
-1
-1
-1
-1
-1
-1
497	498
-1
-1
-1
-1
420	422	421
-1
-1
-1
-1
-1
-1
-1
-1
-1
-1
-1
-1
-1
-1
-1
-1
-1
-1
-1
-1
-1
-1
-1
-1
12263	12262
8039
12263	12261	12262
-1
338
497	498
-1
-1
-1
-1
-1
-1
-1
-1
-1
-1
-1
-1
-1
-1
-1
-1
-1
-1
-1
-1
-1
-1
-1
-1
-1
-1
5248	5247	125	120
-1
-1
-1
-1
-1
-1
-1
-1
-1
-1
-1
-1
-1
-1
-1
-1
-1
-1
-1
-1
-1
-1
-1
-1
-1
-1
498	497
-1
-1
-1
-1
-1
-1
-1
-1
-1
-1
-1
-1
-1
-1
-1
-1
497	498
-1
498
-1
-1
-1
-1
-1
-1
-1
-1
-1
-1
-1
-1
5248	420
-1
-1
-1
-1
-1
-1
-1
-1
-1
-1
-1
-1
-1
-1
-1
-1
-1
-1
-1
-1
-1
-1
-1
-1
-1
-1
-1
125	127	338	339	340
-1
-1
-1
-1
-1
-1
-1
-1
12263	12262	12261
125
-1
-1
-1
-1
-1
-1
-1
-1
-1
-1
-1
5248
-1
-1
-1
-1
-1
-1
-1
12263	12261	12262
-1
-1
-1
-1
-1
-1
-1
-1
-1
-1
422	429	338	339	340	341	342	125	120	12261	12262	420
-1
497
-1
-1
-1
-1
429
-1
497	498
12263	12262	12261
-1
-1
-1
-1
-1
-1
-1
-1
-1
-1
339
-1
-1
-1
-1
-1
-1
-1
-1
-1
-1
-1
-1
420	421
-1
-1
-1
-1
-1
-1
-1
-1
-1
-1
-1
-1
-1
-1
-1
-1
-1
-1
-1
-1
12263	12262	12261
-1
-1
-1
-1
-1
-1
-1
-1
420	429
18713	18715
-1
-1
-1
5248	420
5248	338	133
-1
-1
-1
-1
-1
-1
-1
-1
-1
-1
-1
-1
-1
-1
-1
13115
5248	5247	125	127
-1
-1
-1
-1
-1
-1
-1
-1
-1
-1
339	340	341	342	125	498	497	420	338
-1
-1
-1
-1
-1
-1
-1
-1
429	430	431
-1
-1
-1
-1
-1
-1
-1
172	173
-1
566
-1
-1
-1
-1
-1
-1
-1
-1
-1
497	498
-1
-1
-1
-1
-1
-1
-1
-1
-1
-1
-1
-1
-1
-1
12645
-1
340	338	339	341	342
-1
-1
-1
-1
-1
-1
-1
-1
429	420
-1
-1
-1
-1
-1
-1
5248
-1
-1
-1
-1
-1
-1
-1
420
-1
-1
340	338	339
-1
-1
-1
-1
-1
-1
-1
-1
-1
-1
-1
338	341	342	339	340
420	429
-1
-1
-1
-1
-1
-1
-1
5248	5247	125	120	420	421
-1
-1
-1
-1
-1
-1
-1
-1
-1
-1
-1
-1
-1
-1
-1
-1
-1
-1
-1
-1
-1
-1
-1
-1
-1
-1
-1
-1
498
-1
-1
-1
498
-1
-1
-1
-1
-1
-1
-1
-1
-1
-1
-1
-1
-1
-1
-1
-1
-1
-1
-1
-1
12263	12261	12262
-1
-1
5248
429	430	431
-1
-1
-1
-1
-1
-1
-1
-1
-1
121	122
-1
12263
-1
-1
-1
-1
-1
-1
-1
-1
-1
-1
-1
-1
-1
-1
-1
-1
-1
-1
-1
-1
-1
-1
-1
-1
566
-1
-1
-1
-1
-1
-1
7535	7538	7541	7542
-1
-1
-1
-1
-1
-1
-1
-1
-1
-1
-1
3707
-1
-1
-1
-1
-1
-1
172	173
-1
-1
-1
338	339	340	341	342	420
-1
-1
-1
-1
-1
-1
-1
-1
-1
-1
-1
-1
-1
-1
-1
-1
-1
-1
-1
-1
-1
-1
-1
-1
-1
-1
-1
-1
-1
498
-1
-1
-1
-1
-1
8039	8040	8041
-1
-1
-1
-1
-1
-1
-1
-1
-1
-1
133	126	127	125
-1
-1
125	127	120	421	429	420
-1
123	127	135	136	420	421	429	430	5248	431	338	339	340	341	342	125	5247	5251	5249	5250	120	121	122
-1
-1
-1
-1
-1
-1
8039
136	5247	5251	5249	5250	420	421	422	429	125	430	431	338	339	340	341	342	5248	120	121	122	123	127	135
-1
-1
-1
-1
-1
-1
-1
-1
-1
-1
-1
-1
-1
-1
-1
-1
-1
-1
-1
-1
-1
338	340	339
-1
-1
-1
-1
-1
-1
-1
-1
-1
-1
-1
-1
-1
-1
-1
-1
339	340
-1
-1
-1
-1
-1
-1
-1
-1
-1
-1
-1
-1
-1
338
-1
-1
-1
-1
421
-1
-1
-1
-1
420	421	422	429	430	431	497	498	499
-1
-1
-1
-1
-1
-1
-1
-1
-1
-1
-1
-1
-1
-1
498
-1
-1
-1
-1
-1
-1
-1
-1
-1
-1
12263	12262	12261
-1
-1
-1
-1
-1
-1
-1
7539	7535	7536	7537
-1
-1
-1
-1
-1
497	420	498
-1
-1
-1
-1
122	121	124	120
-1
-1
-1
-1
-1
-1
-1
5452	5453
-1
-1
-1
-1
-1
420	421	422	429	430	431	497	498	499
420
-1
-1
-1
-1
127	429	430	431	120	121	122	5248	5249	125
-1
-1
-1
-1
-1
-1
8039
5247	5251	5248	5249	5250
-1
-1
-1
-1
-1
-1
-1
-1
-1
-1
-1
12266
-1
-1
-1
173	172
-1
-1
-1
5452
-1
-1
-1
-1
-1
-1
-1
-1
-1
421
-1
-1
-1
-1
-1
-1
-1
-1
-1
-1
172	173
-1
-1
-1
12266
-1
-1
497	498
-1
-1
-1
-1
-1
-1
420
-1
-1
-1
-1
497	498
-1
-1
-1
-1
-1
-1
-1
-1
-1
-1
-1
-1
-1
-1
-1
-1
-1
-1
-1
-1
-1
-1
-1
-1
-1
-1
-1
-1
-1
498	497
-1
-1
-1
-1
-1
-1
-1
-1
-1
-1
125	429	127	12262
-1
125
-1
-1
-1
-1
-1
-1
-1
-1
-1
-1
-1
-1
-1
-1
-1
-1
-1
-1
-1
-1
-1
-1
497	498	420
497	498	499
-1
-1
-1
-1
-1
-1
-1
-1
-1
-1
-1
-1
-1
-1
-1
-1
-1
-1
-1
-1
-1
-1
-1
-1
-1
-1
-1
-1
-1
-1
420	421	422
-1
-1
-1
-1
-1
5248	5247	420	421	125
-1
-1
566
-1
-1
-1
-1
-1
-1
-1
12266
-1
-1
338
-1
12967
-1
-1
-1
-1
-1
-1
-1
-1
-1
-1
-1
-1
-1
-1
-1
12263	12261	12262
497
-1
-1
-1
-1
-1
-1
338	339
-1
-1
-1
-1
-1
-1
-1
-1
125	5248
-1
-1
-1
-1
-1
-1
-1
-1
-1
-1
-1
-1
-1
497	498	420	421
-1
-1
-1
-1
-1
-1
-1
