-1
-1
-1
-1
-1
-1
-1
-1
-1
-1
-1
-1
-1
-1
-1
-1
-1
-1
-1
-1
-1
9079	9084
-1
-1
-1
15634
-1
-1
-1
-1
15588
-1
-1
-1
-1
-1
-1
-1
-1
-1
-1
-1
-1
-1
-1
-1
-1
-1
-1
15626
-1
-1
-1
-1
-1
-1
-1
-1
-1
-1
-1
-1
-1
-1
-1
-1
-1
-1
-1
6980	6961	6962	6963	6964	6965	6968	6969	6970
-1
9079	9084
231
-1
-1
-1
-1
-1
-1
-1
-1
-1
-1
-1
-1
-1
-1
-1
-1
-1
-1
-1
-1
-1
-1
-1
-1
-1
-1
-1
-1
-1
-1
-1
-1
-1
2011	2020	2012	1992
-1
-1
-1
-1
-1
-1
-1
-1
-1
-1
-1
-1
-1
-1
15589	15588
-1
-1
-1
-1
-1
-1
-1
-1
-1
-1
-1
-1
-1
-1
-1
-1
-1
-1
-1
-1
-1
-1
15588
-1
-1
-1
-1
1992	1993	2010
-1
-1
-1
-1
-1
7515	6961	6962	6963	6964	6965	318	7508
-1
-1
15588	15590
-1
-1
15634	15638
9079	9084
-1
-1
-1
-1
-1
-1
-1
231
-1
-1
-1
-1
15638	15634
-1
15638	15637	15634
-1
-1
-1
-1
-1
-1
-1
-1
-1
-1
2011
-1
-1
-1
-1
15638
-1
-1
-1
-1
-1
-1
-1
-1
-1
-1
-1
-1
-1
-1
15589	15590	15588
-1
-1
-1
318
-1
6980	6961	15626	6962	6963	6964	6965	6968	6969	6970
-1
-1
-1
-1
-1
-1
-1
-1
-1
-1
-1
-1
-1
-1
-1
2981
9104	6961	9047	11643	11644	11646
-1
-1
-1
-1
-1
6970	6980	6961	6962	6963	6965	6968	6969
-1
-1
-1
15634
-1
-1
-1
-1
-1
-1
-1
-1
-1
-1
-1
-1
-1
11647
-1
-1
-1
-1
-1
-1
-1
-1
-1
-1
-1
-1
-1
-1
-1
-1
-1
-1
-1
9047
-1
-1
-1
-1
15634	15637
-1
-1
-1
-1
-1
-1
-1
-1
-1
-1
-1
-1
-1
-1
-1
-1
-1
-1
15634
-1
-1
-1
-1
-1
-1
-1
-1
-1
-1
-1
128
-1
-1
-1
-1
-1
-1
-1
-1
-1
-1
-1
-1
-1
-1
7508
-1
-1
-1
-1
-1
-1
-1
-1
-1
-1
-1
-1
-1
-1
2015	2016	2017	15626	15628	15630	15632	15634	15637
-1
-1
-1
-1
-1
-1
-1
-1
-1
316
128
-1
-1
-1
-1
-1
-1
-1
-1
-1
-1
9079	9084	9047	9104
-1
-1
-1
-1
-1
-1
7508	7515
-1
-1
-1
-1
-1
-1
-1
-1
-1
316
-1
9047
-1
-1
-1
-1
-1
-1
-1
-1
-1
-1
-1
-1
-1
-1
-1
-1
-1
-1
-1
-1
-1
-1
-1
-1
-1
-1
-1
-1
2011	2019	9079	1992	9086	9084
-1
-1
-1
-1
-1
-1
-1
-1
-1
-1
-1
-1
-1
-1
-1
-1
-1
-1
-1
-1
-1
-1
-1
-1
-1
-1
-1
-1
-1
-1
-1
-1
-1
-1
-1
6961	7507	9053
-1
-1
-1
-1
-1
-1
-1
-1
-1
-1
-1
-1
-1
-1
-1
-1
-1
-1
-1
-1
-1
-1
1992
-1
-1
-1
-1
15590	15588
9079
-1
-1
-1
15589
15588	15590
7508
-1
-1
-1
-1
15634
-1
-1
-1
-1
-1
-1
-1
-1
-1
-1
-1
-1
-1
-1
-1
-1
-1
-1
2017
-1
-1
-1
-1
-1
-1
-1
-1
-1
-1
6961	7507	9053
-1
-1
-1
-1
-1
-1
-1
-1
-1
-1
11650	11647	11646	11648	11649
-1
-1
-1
-1
-1
-1
-1
-1
-1
-1
-1
-1
-1
-1
-1
-1
-1
-1
-1
-1
-1
-1
-1
-1
-1
-1
-1
-1
-1
-1
321
2011	1992	2020	2016	1993	2012	2018
-1
-1
-1
-1
-1
15590
-1
-1
-1
-1
-1
-1
-1
-1
-1
-1
-1
-1
-1
-1
-1
-1
-1
-1
-1
7200	6970
-1
-1
-1
-1
-1
-1
-1
-1
-1
-1
-1
-1
-1
-1
-1
-1
-1
-1
-1
11643
-1
-1
-1
-1
-1
-1
-1
-1
-1
-1
-1
-1
-1
-1
-1
-1
-1
-1
-1
-1
-1
-1
-1
-1
-1
-1
-1
-1
-1
-1
-1
-1
-1
2009	2016	1993	9105
-1
-1
-1
-1
-1
-1
-1
-1
-1
-1
-1
-1
-1
-1
-1
-1
-1
15588	15589	15590
-1
-1
-1
-1
15590	15588	15589
-1
-1
-1
-1
-1
-1
-1
-1
-1
-1
-1
-1
-1
-1
-1
-1
-1
-1
-1
-1
-1
-1
-1
6961	6962	6963	6965
-1
-1
-1
-1
-1
15588	15590	11643	321
-1
-1
-1
-1
-1
-1
-1
-1
-1
-1
9079
-1
7508
-1
-1
-1
-1
9047	6961	7507	9053
-1
-1
-1
-1
-1
-1
-1
-1
-1
-1
9079
-1
231
-1
-1
-1
-1
-1
-1
-1
-1
-1
-1
-1
-1
-1
-1
-1
-1
-1
-1
-1
-1
-1
-1
-1
-1
-1
-1
-1
-1
-1
-1
-1
-1
-1
-1
-1
-1
-1
-1
-1
15634
-1
6961	15626	7514
-1
-1
-1
-1
-1
-1
-1
-1
-1
-1
-1
-1
-1
-1
-1
-1
-1
-1
316
-1
-1
-1
-1
-1
-1
-1
-1
-1
-1
-1
-1
-1
-1
-1
-1
-1
-1
-1
-1
-1
-1
-1
-1
-1
-1
-1
-1
6961
-1
128
-1
-1
-1
-1
-1
6980	6961	6962	6963	6965	6968	6969	6970
-1
-1
-1
6961
-1
-1
-1
-1
-1
-1
-1
-1
-1
-1
-1
-1
2011	1992	2020	2012	2018	1993	2016
-1
-1
-1
-1
-1
-1
-1
-1
-1
-1
-1
-1
15634
-1
-1
-1
-1
-1
-1
-1
-1
-1
-1
-1
-1
-1
-1
6969	6970	15632	15628
-1
-1
-1
-1
-1
-1
-1
-1
-1
-1
-1
-1
-1
-1
-1
-1
-1
-1
-1
-1
-1
-1
-1
-1
-1
-1
-1
-1
-1
-1
-1
-1
-1
-1
-1
-1
-1
-1
-1
-1
-1
-1
6969	6970	15632	15628
-1
6970	6980	6961	6962	6963	6965	6968	6969
-1
-1
-1
-1
-1
-1
-1
-1
-1
15590
-1
-1
-1
-1
-1
-1
-1
-1
-1
-1
-1
-1
-1
-1
-1
-1
-1
-1
-1
-1
-1
-1
-1
-1
-1
-1
-1
-1
-1
-1
-1
-1
-1
-1
-1
-1
-1
-1
-1
7508
-1
-1
231
-1
-1
-1
-1
-1
-1
-1
-1
-1
-1
-1
-1
-1
-1
6961
-1
6961	6968
-1
-1
-1
-1
-1
-1
-1
-1
-1
-1
-1
-1
-1
-1
-1
-1
-1
-1
-1
-1
-1
-1
-1
-1
-1
-1
-1
-1
-1
-1
-1
-1
-1
-1
-1
-1
-1
-1
-1
-1
-1
-1
-1
-1
2011	1992	2020	2012	2018
-1
-1
-1
-1
-1
-1
-1
-1
-1
-1
-1
-1
6961
-1
-1
-1
-1
15589
-1
-1
-1
-1
-1
-1
-1
-1
-1
-1
-1
-1
-1
2015
-1
-1
-1
15588	15590	15589
-1
-1
-1
15638
-1
-1
-1
-1
-1
-1
2010
-1
-1
-1
-1
-1
-1
-1
-1
-1
-1
316	128
-1
-1
2011	1992	2020	2012	2018
-1
-1
-1
-1
-1
-1
-1
-1
-1
-1
-1
-1
-1
-1
-1
-1
-1
-1
-1
-1
-1
-1
-1
-1
-1
-1
-1
9079	2016	1993
-1
-1
-1
-1
-1
-1
-1
-1
-1
-1
-1
-1
-1
15590	15588
-1
-1
15589
-1
-1
-1
15628
316
7508
-1
-1
-1
-1
-1
-1
-1
-1
-1
-1
-1
-1
-1
-1
-1
-1
128
15634
-1
15252
-1
-1
-1
-1
7508
-1
-1
-1
-1
-1
-1
-1
-1
-1
-1
15590
-1
-1
-1
-1
-1
-1
-1
-1
-1
-1
-1
-1
-1
-1
-1
-1
-1
-1
-1
-1
-1
-1
-1
-1
-1
-1
-1
-1
-1
-1
-1
-1
-1
-1
-1
-1
-1
-1
-1
-1
-1
-1
-1
-1
15588	15590
-1
-1
-1
-1
-1
-1
-1
9079
-1
-1
-1
-1
-1
-1
-1
-1
-1
-1
-1
-1
231	232	2981
-1
-1
-1
-1
2011	2012	2014	2018	2015	2016	2017
-1
15590	15588
-1
-1
-1
-1
-1
-1
-1
-1
-1
-1
-1
-1
-1
-1
-1
15626
-1
-1
-1
-1
-1
-1
-1
-1
7509
-1
-1
-1
-1
-1
-1
-1
-1
-1
-1
-1
-1
-1
-1
-1
-1
-1
-1
-1
-1
-1
-1
-1
-1
-1
-1
6962	6964	6965	6963
-1
-1
-1
-1
-1
6970	6980	6961	6962	6963	6965	6968	6969
316	128
-1
-1
-1
-1
-1
-1
15588
-1
-1
-1
-1
-1
-1
-1
-1
-1
-1
-1
-1
-1
-1
-1
7508
-1
-1
-1
-1
-1
-1
-1
-1
-1
-1
-1
-1
-1
-1
15638
-1
-1
-1
-1
-1
-1
-1
-1
-1
-1
-1
-1
7515	7507	6961	6962	6963	6964	6965	318	7508
-1
-1
-1
-1
-1
-1
-1
-1
15588	15589
-1
-1
-1
2015
-1
-1
-1
-1
6961	6962	6963	6965
-1
-1
-1
-1
-1
-1
-1
-1
-1
-1
-1
15644	15645	15647	15646
-1
-1
-1
-1
-1
-1
-1
-1
-1
-1
-1
-1
-1
6980	6961	6962	6963	6964	6965	6968	6970	6969
-1
-1
-1
-1
-1
-1
-1
-1
-1
15588	15590	6961
-1
-1
-1
-1
-1
15634
-1
-1
-1
-1
-1
-1
-1
-1
-1
-1
-1
-1
-1
-1
-1
-1
-1
-1
-1
-1
-1
-1
15590	15589	15588
-1
2011	1992	2020	2012	2018	2016	1993
-1
-1
-1
-1
-1
-1
-1
-1
15589	15588	15590	15589	15588	15590
-1
-1
-1
-1
-1
-1
-1
-1
-1
-1
-1
-1
-1
-1
-1
-1
-1
-1
-1
-1
-1
-1
-1
-1
-1
-1
-1
-1
-1
-1
-1
-1
15588	15590
-1
-1
-1
-1
-1
2011	1992	2020	2012	2018	2010
-1
-1
-1
-1
-1
-1
-1
-1
-1
-1
-1
15634
-1
-1
-1
-1
-1
-1
-1
-1
-1
7508
-1
-1
-1
-1
-1
-1
-1
-1
-1
-1
-1
-1
-1
7508
-1
-1
-1
-1
-1
-1
-1
-1
-1
-1
-1
-1
-1
-1
-1
-1
-1
-1
-1
-1
-1
-1
-1
128
-1
-1
-1
-1
-1
-1
-1
-1
-1
-1
-1
-1
-1
-1
-1
-1
-1
-1
-1
-1
-1
-1
-1
-1
9104
15634	9086	9079
-1
-1
-1
-1
-1
15590
-1
11643	11646	11647	128	321
-1
-1
-1
-1
15590	15588	15589
-1
-1
15634	9079
-1
-1
-1
-1
-1
-1
-1
-1
-1
-1
-1
-1
-1
-1
-1
7515	6961	6962	6963	6964	6965	318	7508
-1
-1
-1
11647	11643	11646
-1
-1
-1
15590	15589	15588
-1
-1
-1
-1
-1
-1
15588
-1
-1
-1
-1
-1
-1
-1
-1
-1
-1
-1
-1
-1
-1
-1
15588
-1
-1
-1
-1
-1
-1
15638
-1
-1
-1
-1
-1
-1
-1
-1
-1
-1
15590	15589
-1
-1
11650
-1
-1
-1
-1
2009
-1
-1
6961	7507	9053
-1
-1
-1
-1
15588
-1
-1
-1
-1
-1
-1
-1
-1
-1
-1
9047
-1
-1
-1
231
-1
-1
6980	6961	6962	6963	6964	6965	6968	6969	6970
-1
-1
-1
-1
-1
-1
-1
-1
-1
-1
-1
7508
7515	6961	6962	6963	6964	6965	318	7508
-1
-1
-1
-1
-1
-1
-1
-1
-1
-1
-1
128
-1
-1
-1
-1
-1
-1
-1
-1
-1
-1
-1
-1
-1
-1
-1
-1
15588	15590
-1
-1
-1
15588
-1
-1
-1
-1
-1
6980	6961	7199	7200
-1
-1
-1
-1
-1
-1
-1
-1
-1
-1
-1
-1
-1
-1
-1
-1
-1
-1
-1
-1
-1
-1
9079
316
-1
-1
-1
-1
-1
-1
-1
-1
-1
-1
-1
-1
-1
-1
-1
-1
-1
-1
-1
-1
-1
-1
-1
15638	11643	128	15589	316
-1
-1
-1
-1
-1
-1
-1
-1
-1
-1
-1
-1
15590
-1
-1
-1
-1
-1
-1
-1
-1
-1
-1
-1
7508
-1
-1
-1
-1
6980	6961	6962	6963	6964	6965	6968	6969	6970
15634
-1
-1
-1
-1
-1
-1
-1
-1
15590
-1
-1
-1
-1
-1
-1
-1
-1
-1
2981
-1
-1
-1
-1
-1
-1
-1
-1
-1
-1
-1
-1
-1
-1
-1
-1
15638
-1
7515	6961	6962	6963	6964	6965	318	7508
-1
-1
-1
-1
-1
-1
-1
-1
-1
7508
-1
-1
-1
-1
6980	6961	6962	6963	6964	6965	6968	6969	6970
-1
-1
-1
-1
-1
-1
-1
-1
-1
-1
-1
-1
-1
-1
-1
-1
-1
-1
-1
-1
-1
-1
-1
-1
316
-1
-1
-1
-1
-1
-1
7515	6961	6962	6963	6964	6965	318	7508
-1
-1
-1
-1
-1
-1
-1
7515	6961	6962	6963	6964	6965	318	7508
-1
-1
-1
-1
-1
-1
-1
-1
-1
15634
-1
-1
-1
-1
-1
-1
-1
-1
-1
-1
-1
-1
-1
-1
-1
-1
-1
-1
-1
-1
-1
-1
-1
-1
-1
-1
-1
-1
-1
-1
-1
-1
-1
-1
-1
-1
-1
-1
-1
-1
-1
-1
-1
-1
-1
-1
-1
-1
-1
-1
-1
-1
-1
-1
-1
-1
-1
-1
-1
-1
-1
-1
-1
-1
6961
-1
-1
-1
-1
-1
-1
-1
-1
-1
-1
-1
-1
-1
-1
-1
-1
-1
-1
-1
-1
-1
-1
-1
-1
-1
-1
-1
-1
-1
-1
-1
-1
-1
-1
11643
-1
-1
-1
-1
-1
-1
-1
-1
-1
-1
-1
-1
-1
-1
-1
-1
-1
-1
-1
-1
-1
-1
-1
-1
-1
-1
-1
-1
-1
9079
-1
-1
-1
-1
-1
-1
-1
-1
-1
-1
-1
-1
-1
-1
-1
-1
-1
-1
-1
-1
-1
-1
-1
-1
-1
-1
-1
-1
-1
-1
-1
-1
-1
-1
-1
-1
-1
-1
-1
-1
-1
-1
-1
-1
-1
-1
-1
-1
-1
-1
6980	6961	6962	6963	6964	6965	6968	6969	6970
-1
-1
-1
-1
-1
-1
-1
7515	6961	6962	6963	6964	6965	318	7508
-1
-1
-1
-1
-1
15588	15590
-1
-1
-1
-1
-1
-1
-1
-1
-1
15634	15626
-1
-1
-1
-1
-1
-1
-1
-1
-1
-1
-1
-1
-1
-1
2011	2012	2014	2018	2019	2020	2021	2022
-1
-1
-1
-1
-1
-1
-1
6968
-1
-1
-1
-1
-1
-1
-1
-1
-1
-1
-1
-1
-1
-1
-1
-1
15638
-1
-1
-1
-1
-1
-1
-1
-1
7508
7508
-1
-1
-1
128
-1
-1
-1
-1
-1
-1
-1
-1
-1
-1
-1
-1
-1
-1
-1
-1
-1
-1
-1
-1
-1
-1
-1
-1
-1
-1
-1
-1
-1
-1
-1
-1
-1
-1
-1
-1
-1
-1
-1
-1
-1
-1
-1
-1
-1
-1
-1
-1
-1
-1
-1
-1
-1
-1
-1
-1
6961	11643	7199
-1
-1
-1
-1
-1
-1
-1
-1
-1
15647	15644	15645	15646
-1
-1
-1
-1
-1
-1
-1
-1
-1
-1
-1
-1
-1
-1
-1
-1
-1
-1
-1
-1
-1
-1
-1
-1
-1
-1
-1
-1
15588	15589
-1
232	231
-1
-1
-1
-1
-1
-1
-1
-1
-1
-1
-1
-1
-1
-1
-1
-1
-1
-1
-1
-1
-1
7515
-1
-1
-1
-1
-1
-1
-1
-1
-1
-1
-1
-1
-1
-1
-1
-1
-1
-1
15634
15634
15587
-1
-1
-1
-1
-1
-1
-1
6970	6980	6961	6962	6963	6965	6968	6969
-1
-1
-1
-1
-1
-1
9079
-1
-1
-1
-1
-1
-1
-1
-1
-1
-1
-1
-1
-1
-1
-1
-1
-1
-1
-1
-1
-1
-1
-1
-1
-1
-1
-1
-1
-1
-1
-1
-1
-1
-1
-1
-1
-1
-1
11643	11644	11646	11648	11647	11649	321
-1
-1
-1
-1
9106	9053	15588	15590
-1
-1
-1
-1
-1
-1
-1
-1
9079
-1
15588	15589
-1
-1
-1
-1
-1
15634
-1
-1
-1
316
-1
2011	1992	2020	2012	2018	9053	2016
-1
-1
-1
-1
-1
-1
-1
-1
-1
-1
-1
-1
-1
-1
-1
-1
-1
-1
-1
-1
-1
-1
-1
-1
-1
-1
-1
-1
-1
-1
-1
-1
-1
-1
-1
-1
-1
-1
-1
-1
15589	15590
-1
-1
-1
-1
-1
-1
-1
-1
-1
-1
6970	6980	6961	6962	6963	6965	6968	6969
-1
-1
-1
-1
-1
-1
-1
-1
-1
-1
-1
-1
-1
-1
-1
-1
-1
-1
-1
-1
-1
-1
15588	15590
-1
-1
-1
-1
-1
-1
-1
-1
-1
7515	6961	6962	6963	6964	6965	318	7508
6970
-1
231
-1
-1
-1
15252
-1
-1
-1
-1
-1
-1
15626
-1
-1
-1
-1
-1
-1
-1
-1
-1
-1
-1
11650
-1
-1
-1
-1
-1
-1
-1
-1
-1
-1
-1
-1
-1
-1
-1
-1
-1
-1
-1
-1
-1
-1
-1
-1
-1
11643
-1
2015
-1
6970	6980	6961	6962	6963	6965	6968	6969
-1
-1
-1
15588
-1
-1
-1
-1
-1
-1
-1
-1
-1
-1
-1
-1
-1
-1
-1
-1
-1
316
-1
-1
-1
-1
-1
-1
-1
-1
-1
15638	11643	128	15589
-1
-1
-1
-1
-1
-1
-1
-1
-1
6980	6961	6962	6963	6964	6965	6968	6969	6970
-1
-1
-1
-1
-1
-1
-1
15634	15632
-1
-1
-1
-1
-1
6970	6980	6961	6962	6963	6965	6968	6969
-1
-1
-1
-1
-1
-1
-1
-1
-1
-1
-1
-1
-1
-1
-1
-1
-1
-1
-1
-1
-1
-1
-1
-1
-1
-1
-1
-1
11643
-1
-1
-1
-1
-1
-1
-1
-1
-1
-1
-1
-1
-1
-1
-1
-1
-1
-1
-1
-1
-1
-1
-1
-1
-1
-1
-1
-1
-1
-1
2021	2022	2015	2016	2011	2012	2014	2017	2018	2019	2020
-1
-1
-1
-1
-1
-1
-1
9047
-1
-1
-1
2009
-1
11649	7512	11644	11650	11646	11647	11648	7517	11643	7518	7514	7507	7508	7509	7510	7515	7516
6961
-1
-1
-1
-1
-1
-1
1992	2011	2019	2020	2018
-1
-1
-1
-1
-1
-1
-1
-1
-1
-1
-1
-1
-1
-1
15588
-1
-1
-1
-1
-1
-1
-1
-1
-1
-1
-1
-1
-1
-1
-1
-1
-1
-1
-1
-1
-1
-1
-1
-1
-1
-1
-1
-1
-1
-1
-1
-1
-1
-1
-1
-1
-1
-1
-1
-1
-1
-1
-1
-1
-1
-1
-1
-1
7515	6961	6962	6963	6964	6965	318	7508
15590	15588	15589
2981
128
-1
-1
-1
-1
-1
-1
-1
128
-1
-1
-1
15590	15588
-1
-1
231
-1
-1
-1
-1
-1
-1
-1
-1
-1
-1
-1
-1
6961	6962	6963	6965
-1
-1
-1
-1
-1
7515
-1
-1
-1
-1
-1
-1
-1
-1
-1
-1
-1
-1
316
15638
-1
-1
15634
-1
-1
-1
-1
-1
-1
-1
-1
-1
316
-1
15590
-1
-1
15589
-1
-1
-1
-1
-1
-1
-1
-1
-1
-1
-1
-1
-1
-1
-1
-1
-1
-1
-1
-1
-1
-1
-1
-1
-1
7515	6961	6962	6963	6964	6965	318	7508
-1
-1
-1
7515	6961	6962	6963	6964	6965	318	7508
-1
-1
-1
-1
-1
-1
-1
-1
11643
6980	6961	6962	6963	6964	6965	6968	6969	6970
15588	15589
-1
-1
-1
9079
-1
-1
-1
-1
-1
-1
-1
-1
-1
-1
11648	11644	7202	7200	7199	11646
-1
-1
-1
-1
-1
11649	11650	11644	11643	15588	15638
-1
-1
-1
-1
-1
-1
-1
-1
-1
-1
-1
-1
-1
-1
-1
-1
-1
-1
-1
-1
-1
-1
15588	15590	15589
-1
-1
-1
-1
2981
-1
-1
-1
-1
-1
-1
15588	15589	15590
-1
-1
15590	15588	15589
-1
-1
-1
-1
15632	9106	9107
-1
-1
15589
-1
-1
-1
-1
-1
-1
-1
-1
3490
-1
-1
-1
318	324	316
-1
-1
324	316	318
-1
-1
7508
-1
6961	7507	9053
-1
-1
-1
-1
-1
-1
-1
-1
-1
-1
-1
6980	6961	6962	6963	6964	6965	6968	6969	6970
-1
-1
7508
-1
-1
-1
-1
-1
-1
-1
-1
-1
-1
-1
-1
-1
-1
-1
-1
231
-1
-1
-1
-1
-1
-1
-1
-1
-1
-1
-1
-1
-1
-1
-1
-1
-1
128
-1
15589	15590	15588
6961	6962	6963	6964	6965
-1
-1
6961
-1
7515	6961	6962	6963	6964	6965	318	7508
-1
-1
-1
-1
-1
-1
-1
9105	9069
-1
6980	6961	6962	6963	6965	6968	6970
-1
-1
-1
-1
-1
-1
-1
-1
-1
-1
15590	15588	15589
-1
-1
-1
-1
-1
-1
6980	6961	6962	6963	6964	6965	6968	6969	6970
-1
-1
-1
-1
-1
-1
-1
-1
231
-1
-1
6961	6962	6963
316
-1
-1
-1
7508
-1
-1
316
-1
-1
-1
-1
-1
-1
9079
-1
-1
-1
-1
-1
-1
-1
-1
-1
-1
-1
2015	2016	2017
-1
-1
-1
-1
6980	6961	6962	6963	6964	6965	6968	6969	6970
-1
7515	6961	6962	6963	6964	6965	318	7508
-1
-1
-1
-1
-1
-1
-1
-1
-1
2015	2010	2009	9079	15634	15590	2011	2012	2014	2018	2019	2020	2021	2022	2017
-1
-1
-1
-1
-1
-1
-1
-1
-1
-1
11643
-1
-1
-1
-1
-1
-1
-1
-1
7508	7509
-1
-1
-1
-1
-1
-1
-1
-1
-1
-1
-1
7515	6961	6962	6963	6964	6965	318	7508
-1
-1
-1
-1
-1
-1
-1
231
-1
