1707
7784
11704
2728
5248	5247	125
3998
12992
5998
5797
2728
2062
5131
2180
8199
7595
18381
12777
15517
6130
449
8378	13623
420	421	422	9079	9084
13147
765
14121
15634
10236
765
2728
5180
15588
10758
6478
497	498
313
7784
12263	12261	12262	4141	5796
2728
8208
11797	13147	13148
12987
5214
498
5797
5801
2156
420	422	421
11705	11704
14915
15626
3117
2728
18783
2728
14132
430	431	127	120	5247	125	5248	5249	5250	420	421	122	429
6506
498
16619	4939
17881
9136
8208
12266
2062
2728
19105
17416
211	5801
17416
6980	6961	6962	6963	6964	6965	6968	6969	6970
18154	17416
420	421	422	9079	9084
231	18775
10691
12993
12266
6260
17416
18154
281
12980
-1
739
10691
6671	14029
16617
11796
2728
10655
13148
13291
2728
8472
6279	11220	18140
10740
4957
824
1141
338
14022
12262
6130
1095
10761	11526	17813	8358
338	8039
5372
338	339	340	341	342	2011	2020	2012	1992	12984	420	421	422
8039	420	429	125	136
7589
14022
12176
2728
7935
5214
5796	5797
3111
11704
5372
10330
14022
18154
15589	15588
17880
4943
10336
2062
2728
17416
8981
7010
6130
6130
4250
8778	8779
2728
-1
2728
122	121	429	126
18156
12990	7901
9842
1373	9637	16821	13172	16823	16822	18367
14022
5247	5251	5248	420	429	125
15588
765
2270
127	11028	11029
498	497	499
1992	1993	2010	172
12
9842
632	7577
12263	12261	12262	18026
10025
7515	6961	6962	6963	6964	6965	318	7508
14121
10236
429	125	127	15588	15590
9204
11705
15634	15638
420	421	422	9079	9084
14121
8472
11537
7582	17813	17524
313	3117
5801	12725
18154
231
6826
173
11706
2062
15638	15634
9204
15638	15637	15634	5506
5372
14022	5796	5796
2728
5214
1035
18676
1320	2062	2064
12980
15259	15270	15255	15271
10740
12989	2011
2728
18154
18154
4957
15638
2062
3111
2062
5372
18381	14077	5372	14073
173	172
9817
5249	5250	5248	5251	5247	120
7010
10837
6916
8966
2156
11705
889	890	15589	15590	15588	18820	429	430	431
18154
13649	7784
2173
318
12263
6980	6961	15626	6962	6963	6964	6965	6968	6969	6970
122	121	124	120
14494
7535
5205
15277	2062	2064	2070	2058
8039
10568
3117
268
1239
399
13148	13147
2062
13518
17416
17058	2981	9210	9123	8063	10568	9136	9166	9204	399	13040	9248	5658	923	8081	6882	14698	13499	6291	14916	10342	8592	8196	12777	7577	18580	7935	9238	7574	4953	14915	4772
9104	1342	1254	6961	6945	9047	11643	11644	11646	12266
313
5372
17416
879
13281
6970	6980	6961	6962	6963	6965	6968	6969
474	2172
4771	16826	15411	8113
13518	6993
15634
765
14915
10906	10905
5796
5998
765
4957
13281
2731	2726	2728	2728
772	8023
662	662
-1
7823
5248	5247	11647	125	5249
10691
765
889
5658
9758	13519	154
7935
2062
2180
7763
2119
17416
5694
14022
314
498	497
13623
4957
17416	6130
3963
9047
5780
313
10758
7823
15634	15637
314
9842
14121
4129	10850	14022	13634	2728	12802
662
18381
5796
14494
9842
13629
11537
11706
14073
2177
18676
8778
765
5797
15634	338	339	340
14121
3117
2062
12567	12567
17881
11704
13148	9890
2728
9842
7935
14114
128
6260
1463
13606
8063
15276	15275	15279	15280	15278
5796
765
10336
7010
13147
6613
3111
4787
13634
7508
2728
2728
5797	5796
10691
13115	13230
2728
18774
340	342	339	341	338	125	127	5248	5247	5250	420	421	422
2156
16898
-1
2728
6130
13601
2015	2016	2017	2062	2064	15626	2070	2058	15628	890	889	15630	15632	15634	15637
5204
17393
890
11474
8063	5658
2187
14494
890
7574
316
128	133	12263	120	121
10484
739
3111
19103
2728
12266
10487
18428	6881
5248	5247
17416
9079	9084	11706	11705	9047	9104
2156
9204
18820
19021
11796	7595
18666
7508	7515
10760
10577
3111
7595
10691
12263	12261	12262
14494
2728
11802
316
17881
15275	2062	2064	2070	2058	1239	9047
18154
6130
6671
2062
2728
6130
2728
824
662
17926
17416
13623	10752
5998
10747
7823
11955
2728
17416
14230	14078	14283	14309	14674	1022	17369	7237	17371	11381	14240	1088
10747	10760
17416
18381	5372
5329
17371	9166	12993	7901	14077
765
17416
6131
13775	18154
2011	2019	9079	1992	9086	9084
18154
14121
2728
14290
4972	1864	14132
12645
17880
399
10691
5372
5214
7280
18154
18154
2180
2285
2062
17416
2728
14121
5372
14114
10691
10621
12992	12990	12992	12990	12990	12992
313	3117
6791	268	5698	9681	19216	9248	13145	16633	269
2728
9890	11540	4615	16772	3981	4622	11704	3967	2172	7960	2288	11706	13147	11705	4619	7753	13148	3968
3708	3707
-1
2728
10691
2062
314	313	7165	16002
6961	7507	9053	1254	1342
15275
7588
13644
13625	376
-1
13625
420	429
10680
14114
2062
12993
5214
16898
14121
2836
1463
9681
2173
2728
8023
8208
10577
1992	5801
7010
4990
5796
18774	3962
15590	125	126	127	15588	7595
9079	340
12980
2187
13623
5248	5247	5251	5249	5250	15589	5167
15588	15590
7508
14022	16898
12694
12993
2180
15634
7276
10758
5214
10687
17517	11706	19138
13634
8023
9758	7591	7595	7581
6671
5797
17416
5796	5797
7583
13625
10747
12211
10758
11704
2017
3029
18154	17416
498	497
3798
2728
10691
18676
2062
662
10618	10149
6961	7507	1254	9053	1342
16215
10577
18154
17416
2728
1463
18676
7227	4783
3111
7960	1643
12262	11650	11647	11646	11648	11649
14022
890	1547
6325
17082	8815
13606
18154
17393
313
12263	12261
15521
2062
11705
2728
11705
6881	1446	6881	6881
8040
14122	14072	7182
11706	1095	11705	4409	1036	4413	1218
338
2728
10691
3111
12961	313	12960	13416	3117	13415
658
2182	2180
14022
13147
18154
2178	3588
5372
321	338	339	340
2011	1992	2020	2016	1993	2012	2018
10691
13634
2728
340	338	339	341	342
19102	4408	1505	16071
15590	125
9758
4619
5658
5506	5731
6826
10760
18381
9842
9702	1748
7165	2716
497	498	499	10680	12678	12679	12666
662
313
14022
18016
2177
8472
4943
632	7577
7200	6970
14132
5214
420	421	497	498	429	430	422	13172
2173
6072
11706	13172	18367	17921
10758
765
18154
340
18154
7935
2728
14109
5506
9370	9369
17416
2728
7010
11643	15883
11706
17881
14022
13323
12195
2180
1643
11393	11920	11396	11398	363	11394	11400	11395	11413	11418	11406	11421	11415	11409	11408	11407	11412	11414	11422	662	11410	11417	11411	11431	5039	11423	7575	11404	11425	11424	7763	11429	11430	11405	2752	11426	11922	11428	3985	12211	7013	10482	7960	7961	3949	9702	10330	4946	9701	9703	18622	5430	7764	10331	1566	10481	112	4945	7935	10332	15768	474	4947	8283	8282	8281	4943	4944	14446	6825	4948	602	4973	8514	601	599	4957	105	8513	5424	477	658	600	11858	10765	646	636	6813	654	639	648	637	647	16572	652	1643	12668	4953	12214	12212	12213	1614	286	5372	12209	4954	479	4950	11797	11916	195	11917	11427	1841	10981	650	11291	7395	11403	4959	11665	11397	11401	11402	11399
8421	18151	8815	2540	10680	631
10236
15247
17416
2062
340	341
12806
18151
6545
2270
566
7010
122	121
17881
4369	4263	7960	11704	7061	14915	4624	6478	2062
16458
13230	13052	12989	12990	12991	12992	17905
14114
2728
420	429
10691
7581	9758
16620
13323
9369
2009	2016	1993	1239	9105	17829	12984
497	498	120
3117
2728
5248	5247	125	120	420	421
13624
16673
10687
888
429	430	431	120	5247	3981	3971	3982	125	5248	420	421	5250	122	5249	127
268	6545	2115	17939	8574	15521	17519
10760
2728
4585
5709
17416
18676
3849
15588	15589	420	429	15590	498	497
14113
13281
5506
10761
430	15590	15588	15589	125	120	420	421	5248	5247
17939
2728
14022
18154	18676
13148
9702	9703
431	5251	5247	121	127	136	5248	126	5249	125	430	122	5250	429	120
2728
765
13625
5797
13624
13518
2156
5709
7935	8729	7778
2062
313
498
4864
3111
4957
11706	11705	1035	11704
6961	6962	6963	6965	18216
11537
2728
1748
1463
5214
12263	15588	15590	127	12262	12261	11643	321	340
14494
10691
10236
10691
13625
765
17416
7780
2728
3029
17881	9079
14114
7508
10760
2728
14078
13518
9047	6961	7507	9053	1254	1342
7623
2062
5998
7227	2527
10760
17806	2044	13148
314
12645	13230
5214
13625
5248	125	127	135	9079	420	421	422
449
231
7165
14288	15247	14290	14289
12263
10761
1421	9136	1423
11537
888	12656
4957
2181
18774
16897	16896
2532	772	18775	739	772
16269	11027
420
14915	14915
10687
10691
16896
11024
10974
17416	18154	18676	7838
17416	18154
16165	11791
13147	13148
15517
658	5167
3117
9204
14915
399	1324
14121
17932	8358
17416
739
13095
17416
6230
2062
739
15634
2106
6961	15626	7514	2062	2064
6130
17921	11705	18367	13172	11705
12263	12261
9204
2187
14022
1707
10691
12987
13625
1463
3117
340	338	339
17416
18676
13625
4957
765
316	339
14698	1643
17519
449
2728
429
5214
2728
566	13625
5372
12263	12262	12261
6607	6608
9017
16818
12992
14022
18820
19021
15270	15271	8480	6478
6291
6495
14494
420	421
9637	565	16799	15545	16511	6846	9562	16800	656	655	11530	15405
14114
16818
8022
338
12263	12261
6961	18216
6545
128
9204
4943	765
4957
10342
14022
6980	18216	6961	6962	6963	6965	6968	6969	6970
14022
2728
4787
6961
-1
6260
7575
12263	12261
5372
8378	890
18154
5248	5247	125	120	420	421
3950
13924	13920	13921
2728
2728
2011	1992	2020	2012	2018	1993	2016
17416	6230
11031	10567	10336	1603
15246
9210	8573	13040
13030
15454
18154	17416	18676
869	7834	869	6130
7753
2062
2062
179	1193	16849	15411	1206	16841
15634
9681
5780
662
2728
10740	10758
17416
5797
5214
8022
314
4619
2187
7010
2062
6969	6970	15632	15628
338	339	340	341	342
11704	11706
17881
5225
17416
4783
5214
10837
3091	17881
8023
8514
5796
12992
7960
14022
338
10760
3111
14494
11705	11706
8431
6607	13170
2728
7823
18775	2119	11449	4758
3952
985
11537
14022
8377
18676
1748
2062
11797
1463
7061
631	13333	1781	4689	8592	4624	13030
1463
7575	13772
3849
429	430	431
8574
6969	6970	15632	15628
5452	5453
6970	6980	6961	6962	6963	6965	6968	6969
7857
662
10691
12980	449	12993	12989
11706	11704
6844	6845
17881
18154
12980
15590
314
17416
17416
10330
2180
18154
14132
7589	7575
1463
172	173	12990	12993	12989	12987
14114
18367
17082
2732
5247	429	421
18154
14022
2173
198
17371	12266
1035
339	338
313
18154
15322	15327
5796
17416
120	5248
10687
5797
11706
14077
7823
10758
8208
13625
1423
13172
313
7508
399
7010	13788	12684	10464
231
12806
8063
2731	2726	2728	7577
3111
18154
18381
14290
11802
599
14114
497	498	120	121
2180
705
10234	12694
6844	6961
7581
18216	6961	6968
2728
1841
18154
2728
18154	17416
8208
13518
13281
16828	16829	307	1538	1539	16828
17445
18154
17881
14290
8063	5658	12211
10837
2062
6483
449
5506	11805
3111
13625
7767	14520
429
5122	5123
10655
10691
18676
12989	12990
13054	13053
2173
14022
6671
6613
10740
18007
6545
5205
6846	7785	307
12263	12261	12262
5214
10236	10234
8729
10974
14022
2011	1992	2020	2012	2018
16673
9842
2974
15291	11805	9352	9890	9351	4925	13607	13606	15293	15292
11359	3798	1643	13519	14698	11704	5225	14121
18381
1463
195
631	7577
9681
16613	16620	14916	16610	8055	14915	16619	16617
18820
5247	125	420	429	6961
11705	11706
2180
2728
10336
15589
6260
5755
5247	5248	126	338	339
18154
13924	13920	13921
2177
9681
13172	11706	11704	11705	11706
2728
3950
14077
14915	658
2728
2015
17393
2728
18676
15588	15590	15589	889	890
17416
5248
5780
15638
890
14114
3117
5796	5797
13518
10691	10680
16787	2010
17416	6130
10655
3117
6131
497	498
13518
17881
313
13518
8988	1539
316	339	128
17829	12987
9681
2011	1992	2020	2012	2018
7010
2728
17416
127	121	429	430	431	5248	5249	5250	5247	5251	120	122	126	125
14022
6671
2728
3111
14494
7577
420	429	430	421	422	431
7588
6844	6846
3849
14078
3998
13629	5659
10691
5329
105	5796	5797
13040
1239
14022
14121
15526
498
11797	18381
9079	497	2016	1993
15496
3111
19105
17416	10655
5797
2270
5131
18154
2270
13172
14022
2180
2728
15590	15588	125	338	339	340	341	342
11796
2728
15589
4624
340	338	339
3111
15628
316	339	340	3117
7508
9248	14520	11904	4250	13144	4819	268	13145
6824
2175
2062
1838
10760
420	429	5247	497
2728
313
14114	14113
17416
17882
314	309
5248	125
17416
5372
127	128	135	136	8041	420	421	429	430	5248	431	338	339	340	341	342	2093	125	5247	5249	5250	120	121	122	123
15634
420	429	431	430	498
12639	6722	15252	17416	12694
7577
338	340
10687
7780
7508
10740
14022
5796
17416	18154	18676
14114
10761
18154
2733	14114	2728	2731	2735	2726	2732	5506	2728	2730	2734
6607	6608	6671
399
889	126	125	127	313	15590	5247	5248	338
11796
10691
2156
2728
10691
7753
13644
14915
10756
662
8513	141	5659
10234	10236
13095
2062
17880
4596
200	16813	3591	1212	14075	14117	14079	5405	198	14079	14915	1218	16816	1193	14078	410	3592	198	3592	409	1206	1218	408
12567
17829	18771	18772	18773
662
10687
13147	4619
6826
2182
17416
10655
10758
13115	13052	13054	601
18381
2974
16896
449
2062
2728
4957
10691
18154
313
2173
13518
313	3117
9681
2062
14114
340	341	342	15588	15590	125	120	420	422	338	339
2180
18580
13518
15517
12645
1463
18381
5248	5249	9079
7577
13148	13147	9890	13625	8421	13089
-1
11705
18154
14022
313
2710
14022
449
332	3534
2187
231	232	230	211	2981
14022
10691
11706	662
765
2011	2012	2014	2018	2015	2016	2017	5248
122	121	124
15590	15588
13623	13624	13625
11705
13323	12678	13320
2728
2728
10760
6131
12263
6230
13147
13147	13148
14022
498	497	499	11543	17813
4758
6671
15626
2062
15277
10741
3950
313
11706
601
14022
7577	8562	8521	8522	7509
313
338	339	340
765
10342
2062
431	5251	5247	121	127	420	421	422	5248	5249	5250	120	126	125	122	430	429
5214
890
503
566	567
10236
2154
14915
3963
13148	13147	15246
7010
2566
17881	17087
285
13601
2285
14022
5248	120	125	338
10740	10747
14132
10758
18216	6962	6964	6965	6963
14114
2173
313	125
5214
18160
6970	6980	6961	6962	6963	6965	6968	6969
316	128	313
5131
5796
313
632	7577
10655
2728
15588
18016
17847
3117
11797	11028	11029	5796	13089	2090
341	338	339	340
1463
313
13148	13147
338
7975
13625
15275	2062
2728
7575
18154
7508
13624
1463
2062
10691
1463
5797	17881	6292	5796
2062
5796
18151
1463
477
7960
14114
566
15638
6545
7823
3950
8981
18154
13053	13052	13054
765
10342
5796
12263	12261	12262
12806
313
7515	7507	6961	6962	6963	6964	6965	318	7508
13148	13147
6265
7960
5577
11028	11029
17813	8484	5434	11525	11051
13518
739
18820	15588	15589	420	421
11706
7753
12694
2015
17881	944	17880
14121
13788	10464	765
13775	18632	14230
6961	6962	6963	6965
17522	17524
11537
14114
13812	13828
10568
9497
6230
8199
765
17365	12777	7595	18007
8063
15644	15645	15647	15646	16051	18676
18783
7960
135	125	15883
12694
5998
3111
10687
5434	14915	14916
338	339	341	340
10577
5214
11705
17083	17082	17091	17087	17084	17089
6980	6961	6962	6963	6964	6965	6968	6970	6969
2062
9369
17416
1463
407	6545
-1
12986	8981
3111
13147
15588	15590	5248	5247	429	420	338	6961
14077	8023
601
2062
5751
10740
15634
15496
7753
18154
125	121	127	5251	5247	420	421	422	136	5248	5249	122	429	120	431	430	126	5250
12987	172
5248	338	339	340	341	342	420	125
2173
13518
449
18156
420
14022
2180
2173
6545
12934
10837
10741	10758
10687
2731	2726	2728	2728
338	339	340	341	342
18154
15590	15589	15588	420	338
14114
10464	17829	2011	1992	2020	2012	2018	2016	1993	12984
6130
10691
13323
15246
9842
3111
17416
7276	14114	11955	739	8199	9715	13147	8196	14113	15848	8356	16002	12266	13147	3117	969	11537	13622	15201	11704	7478	18016	4399	9706	2628	6409	19502	7370	8356	8485	2175	8377	6520	7834	826	2818	2643	5214	13147	12266	869	539	7172	1837	10462	5215	8479	1595	5801	10234	434	16002	8431	3117
15589	15588	15590	15589	15588	15590
10758
6671
14114
1632	731
268	9248
2062
1239	15275
7013
10687
11706
1407
10336
1463
5248	5250	5249	125	15883
18580
890
16584	16587	11595
5247
497
14022
15540
2728
18154
14114
13281
17881
5205
14288	14289
16620
2728
11230
15246
15588	15590
11706	11704
2180
10741	10758
5709
5372
2011	1992	2020	2012	2018	2010
10336
13002	12993	7591
9681
11259
339
9204
17416
16772
17390
17416
739
15634
12707
2728
4615
739
5998
2062
122	121	124	120	123	126	136
12992
2728
7508
18367
6130
18016
1446	313	4959	1095	9851	3117	3588	7595	4957
10336
4783
18160
18154
6608	6607
17416
2062
11474
14113
7508
7010
12263
15275	2062	2064
5372
313
5214
1446
14022
14113
13623	13625
9017
10741
765
14290	14289	15248	15247	14288	15246
17091
3117
18783
15521
7010
7784	7783
6846	10825	10823	14109	10826	10830	565	10828	9370	10829	12214	9369
889	890
13148	13147
136	5247	5251	5249	5250	420	421	429	430	125	431	338	339	340	341	342	5248	120	121	122	123	127	128	135
13624	6545
12993
7227
4684
268
5709
5214
18154
313
313	3117
739
5372
8988
13281	13030
15277	2062	2064
17416	18154
2728
2728
2180
13625	15246
3111
15275	1239	2062	2064
15275	16572
889	286	11704	11796	7575	11291	11797	19103	5225	18151	282	582	11359	5039	890	6989	285
9104
15634	9086	9079
13040
6130
18154
12990	12992
9123
15590	890	889
313	3117
11643	11646	11647	128	321
12992	12990
18774
17091	1547
6072	13499
15590	15588	15589
18783
10687
15634	9079
2062
2728
497	498
662
13147	13148
890
498	497
13147
6747
12261	12263	12262	15883
5225
7935	17398	8990	2025
6607	6608
10484
5801
7515	6961	6962	6963	6964	6965	318	7508
8472
599	600
2062
11647	11643	11646
421	342	420	422	5248	125	127	5247	5250	341	339	340	338
449
6230	17355
15590	18820	15589	125	126	127	15588
765
420	421	422
1538
2062
497	498	499	120	121
5796
15588	122	121	125	5248	420	421	422	429	430
14915
8729
338	339
10741
6478	7871	8055
9329	18156	1324	16606	18676	18154
9758
12266
399
13089
17416
7010
10974
429	420
18774
420	15588
7273	4758	10569	2288	10568	3849
7784
2187
10691
5796
7280
15638	13052
1707	14260	18783	18784	6576	13145	9248
449
10691
10740
10691	10680
13650	12651	12668	16858	16818	12657	12668	13814	13651	13827	12656	13645	13649	13646	13644
18154
659
6813
12263
15590	15589
2270
15654	4929	4927	11869	11868	1268	9351	14061	13297
11650
8063	5658
18676
2728
3111
12263	12261	12262	2009	3834
8729
15275
6961	1254	7507	9053	1342
399
662
9123	9122	9124	15594
10680	8573	8679
420	15588	421
2154
10760	10740	10744
7975
8063
2728
14732	5204	4772
10758
7753
1643
314
2062	1239	9047	15277
14022
5797
339	340	341	342	420	421	422	429	430	431	5248	5247	5251	5249	5250	125	127	338
231
12263	12261	12262
10687
6980	6961	18216	6962	6963	6964	6965	6968	6969	6970
2106
1804	508
17926
8063
17416
2062
10342
13634	16280
-1
9842
9123
7508
7515	6961	6962	6963	6964	6965	318	7508
5796
2728
17416
13625	15246
5796	11805
2175
17416	12561	6130	6258
420
13622
18154	18160
10691
128
14121
5797
5796
6607	6608	13170
15255
313
6230
18154	313
10760
14494
739
498
890
6506
17416
16619
341	342	15588	15590	125	420	422	338	339	340
2728
6072	4953	14078	14283	14309
2728
15588
17416
18154	17416
13147	13148
1035
18154
6980	6961	7199	7200
5214
631	7577
6292
2728
16617
18154
13147
6494
503	504	505
18154
12856	1701	15576	10432	281	10431	14109	12855	280
13788	7010
9889
8513	8514
662
13145	18782	9248	18783	18784	6576	4250	13144
7595
9842
10464	4957
6130
-1
10687
9079
316	339	340
765
8284
11706	11704
14114
340
11706	11705
3707	3708
18154
6671
6072
18676
6483	8055
3967
7591	7581	7595
12694
-1
7947
6495	6494
5214
10740
13148	13147
18156
11706
15638	11643	128	15589	316
6826
6607	13170	6608	6671
17416
9890
11474	9842
11653	1748
8514
12989	12990	12992
8063
17416
503
566
125	127	15590	120	420	429
11797
7595	7588	7588
5796	765	13788	7280	2527
11705	11706
2728
4972	4953
11805
-1
10691
10687
14494
7508
10618
6506
10577	10837
4250
6980	6961	18216	6962	6963	6964	6965	6968	6969	6970
15634	19102
6130
6671
7577
5796
14022
6131
9890	13148	13147	13625	8421	19102	17400
14011	13172
15590	126	127
5796
11705	11704
18381	6612
2728
11706
6130
12934
17416
9681
10689	6882	14249	7577	8377	13281	8196	9681	5698	10687	8592	17882	7574	4684	399	2981	9210
14114
3111
13053	13052
6131
11797
2728
10618	739	10149	16759
2175	10621
10741	10744	10747	10756	10758	10760	10761	10740
16996	17390
5720
18783
11474
6826
18783
1463
15638
6130
7515	6260	6961	6962	6963	6964	6965	318	7508
8199
5214
14289
9758
11706	11704
3588
13625
985	8023
2062
7508
890	889
3117
338
5214
6980	6961	18216	6962	6963	6964	6965	6968	6969	6970
13788	5796
12263	12262	12261
12990	172	12993	12989	173	142
338
19103
6881
18154
18154
12806
13625
18156
497
10680
17416
2973
5372
8063
5372
10740
1239
7010	11798	877	11705
2728
18676
6693
316
12980
5225
474
13518
10680
13788
7515	6961	6962	6963	6964	6965	318	7508
16724
12992
10691
1539
18154
5797
7784
7515	6961	6962	6963	6964	6965	318	7508
17416
11705
11804
340	341	338	339	342
5372
13147
13788	5796
14114
765	5796	13806	7010
15634
12992
12806
8039
503
285
15246	15247	15248
15247	15248	14290	636	11798	637
5797
429
662
19021
17522	17523
126	429	5247	122	121	2093	5249	5250	5248	431	430	127	5251	120	125
13625	376	12732	15377	5780
6265
-1
1463
13625
10837
120
11705
5251	5247	430	431	429
2062
10336
338
14114
7010	877
2730	10680	2728
9204
12263	12261	12262
341	338	342	339	340
6545
2062	10850
11705
3111
12806
2062
10342	2728
399
125	5248
18154
2156
1035
12262	12261	12263
4943
7010
10567	11072	11031	10732	10994
313
12989	12990	12992	12991
7575
5214
12266	9817
17416
14113
13147	13148
7595
18676
5214
13030
13148	13147
6130
14121
10577
17391	17393
6961
10758
14114
2728
14494
13030	9361	19508	9681	13281	8754	9497	10342	7577	4264	2728	13323
17829	17833
14022
10760
18715	18714	18713
7753
449
4787
10691
9246	10944	13645	10245	7935	636
13323	13322
13148	13147
17391	17393
5954
-1
8208
13164
10691
13788	5796	10464	3949
14114
2062
18381
4772
5248	5247	5250
11795
13291
6478
9369
11802
10336
12263	11643	12261
18154	18676
6846
14114
18154
13148	13147
13323
14915
14290
659
11902
16818
10577
314
125	127	429	430	431	5249	5248	5250	120	122	126	5247	5251	121
7575
17087	17091
14022
1603
7973	3967	17939	12266	15291
10691
13030
13148	13147
8778
5248	5249
18154
7767	13323	13281
1141
4802
13281
9079
13040	13455	2288	652
2062
7183
11705
18154
13007
10691
5658
17416
10974
13788	5796
17881	17882
14114
889
17416
5709
18154
9890	13147
8957	11797
705
18156
5797
13518
13788	15454	5796	765
11706	11705	11704
18154
-1
6131
5248	5249
13625
14121
18676
12777
9562
5214
14022
1463
12806
662
12266
9702	12806	1748
824
13281
12694
2062
17905
10464
13441	17905	17905
13148	3486	13147	12684
17393
6980	6961	6962	6963	6964	6965	6968	6969	6970
7975	18007	7273	15797	13284
5214
14117
10741
10342
16269	11749	731
340	338	339
7515	6961	6962	6963	6964	6965	318	7508
7233	10994	7233	7233	7233	10994	7233	6593	10994	1841	10981	7013	7013	10567	14077	7227
399
15255
13148	5578
18154	17416
15588	15590
13147	13148	599
8472
5796
420	429	498	3117
17416
4787
5248	5247
12806
2728
15634	15626
5455
14915
2156
2160
4957
6494
5508
185
14732	18381	9136
2062
340	339	338
10336
2180
9497
2011	2012	2014	2018	2019	2020	2021	2022	10464
14732
10760
399
9703
662	600	4943	11665	4957	16458	4802	8284	599	11704	6824	5372	1841	601	11359	1643	14143	7935	10481	4948	4864	10332
4787
17416
6968
281
10761
14114
10837
17416
2728
5248	5249	136	125
13148	13147
5214
313
18154
13147	13148
5796
12176
14077
18154
15638
11706	11704	11705
10741
14290
11796
7010
5214
10740
8472
7508
7508
6607	6608
10330	10331
2106
128
12989	12992
449
1700	503
16617
9497
19021
11796
6130
2062
497	498
18154
13622
17416
7935
420	422	421
13147
17393	17391
2728
2728
5796	5797	11805
5372
18160
2025	12195
18216
739
13148
5998	6072	6826
13147	13148	12694	13625	9758
18154
6291
14734	12561	8445
5709
2728
13644
10741
-1
269
6130
17393
12263	12262	15883
8039
12263	12261	12262
13147
338
497	498
14915
662
10758
2062	2064	990
13147	13148	9890
13625
2728
13147
9842
18154
4943	601
6961	11643	7199	474
281
2728
14915
13788	5796
12720	1218	4809	1218	4808	12567	11704	11705	11706
10336
2062
2062
11706	11704
15647	15644	15645	15646
2062
13147
12694
12720
5248	5247	125	120
12806
13625
18154
14917	14915
5214
10691
18783
14114
890	889	3849
5796
14022
6130
14078	14114	8514
18154
3849
12990
3963
6483	6478	8055	7871
18783
2173
9681
-1
16610
15588	15589
13788	765
1009	406	374	141	1204	232	631	1013	923	269	404	407	230	1206	2721	503	231	1218	530	1014	10487	715	332	268	459	243	10906	211	370	684	18634	191
498	497
10741
2728
11706	14494
14113
14114
17416
6130
16458
18676
2530
5797
14114
8521
14121
5658
765
497	498
17371
498
8778	8779
7515
17416
2156
6545
18154
10680	10687
7575
17881
4585
4957
7764	286
5248	420
13030
17801
2062	2064
9842
18154
17416
18154	17416
15634
15634
15587
7237
314
2288	16560	16493	16492	16863	16511
8023
14022
5801	7828	5780	6265	3895
10336
6970	6980	6961	6962	6963	6965	6968	6969
17829
19021
5755
1463
13323
16898
9079
1035
13788	5796
125	127	338	339	340
13030
1035
2187
11705	11706
11705
13281	1035	16368	12984	4624	12990	18381
2173
12988
12263	12262	12261
125
890
449
6545
9356
5797	5796
8513	8514
11706
9369
8063
13147	13148
2062
5248
12934
399
15306	16808	11530	2752	7572	7573	198	3029	2288	16805	10621	7574
6826
600
13441
12856	1538	16893
12263	12261	12262	18026	3834
7823
17881
11665
2728
-1
11643	11644	11646	11648	11647	11649	321
5214
15277
4153	11795
6130
422	429	338	339	340	341	342	9106	9053	15588	15590	125	120	12261	12262	11904	420
-1
497
11802	15247	11805
4973
18151	5225	195
7587
429
10691
9079	497	498
12263	12262	12261
15588	15589
14073
13148	13147
17881
7901
18154
15634	5131
18381
10336
2270
316	339
9017
2011	1992	2020	2012	2018	9053	2016
13040
15285	4972	12657	13445	1679	12656	16572	1864	16752	15651	13443	1212	12651	17714	16753	4998
5372
1463
13788
1463
2175
1804
2062
5801
420	421
10330
14288	15246	14289	15248	15247	14290
14915	10336
1539
14494
11705
13518
13323
17416
5796	5797
12178	12179	12176	12567	1035	12177	4410	12532	4413	4409	1036
2062	2064
14145
5801	11495
5507
2728
268
17416
7577
14114
12263	12262	12261
15521
4787
2062
7203	7471	7183	7468	7471	7474	10628	10629	7594	7204	9758	10085	7575	7574	7588	7587	7583	7590	7584	7591	7595	7593	7468	7469	7596	10245	7581	7582	10627	5807	7589
7764
18154
8199
13030
15589	15590	18820	420	429	889	890
18713	18715
17416
869	3895	14915	15255	3558
4864
5248	2093	420	17829
5248	338	133
170
10236
9842
16898	17416
6970	6980	6961	6962	6963	6965	6968	6969
18676
8729
14114
17416
3111
17087
15651
-1
13601
14114
13115
5248	5247	125	127
399
14114
5751
11706
449
17093	17082	17084	17083
8513	8514
2177
2062
3998
339	340	341	342	15588	15590	125	498	497	1203	420	338
658
2154
2728
8778
14022
12989	12990	12991	12992	12987
16511
12684	13409
429	430	431
7515	6961	6962	6963	6964	6965	318	7508
6970
14132
231	13625
18676
18774
2270
172	173	12990	15252
6202
566	8815
18156
154
11705
7575
15626
2062
16511
14114
889
497	498
7823
12665
10691
5796
2173
13625
11650
13148	13147
6545
18428	6881
11706
18813
9842
10691
12645
2728
340	338	339	341	342
2530
9204
3950
17813	11525	6495	13148
14113
16473	16152	4783
5797
17881
429	420
13147	13148	599
2062
10758
14078
2062
6813
11643	5248
7581
2015
2177
6970	6980	6961	6962	6963	6965	6968	6969
268
313
14494
15588	420	18820	313
313
16511	8988	4783	14114
340	338	339
2169
10741
10464	7010	765
5796
890
2728
662
9890
2728
10234
17416
338	341	342	339	340
420	429
7227
316
18154
2062
4787
16051
14022
5248	5247	125	120	420	421
13518
9497
889
15638	11643	128	15589
2728	2731	2726	2728	10680
2062
1035
11804
11653
18154
14121
13148	13147
17881	17882
6980	6961	18216	6962	6963	6964	6965	6968	6969	6970
2177
14022
11706
17416	18154	18676
5755
18783
18676
15634	15632
449
3963
889	890
18015	1239
3117
6970	6980	6961	6962	6963	6965	6968	6969
498
2062
2173
11704
498
11797
10680
18016
314	10756	10761
9370
18820
13148
13831	11797	11796	12561	18811	18813	17416	6230	6258	6130	13812	13828
10687
449
17416
5577
14290
13147
11705
6813
10740
890
2062	2064
9204
12263	12261	12262	12264	18026	3834
8196	14114	6826	662
2187
11643	11595	5248
429	430	431
7838	3588
17391	17393
13030
5796
2187
2728
18154	18676
3849
7975
121	122
6230
12263
314	309
12993	12988	12992	13002	12986
3111
14113
2728
5801
19103
5214
8990
13148	13147	601	765
2173
17416
14022
13625
4624	8592
13772
5797
2021	2022	2015	2016	2011	2012	2014	2017	2018	2019	2020
4185
13634
11706
17416
14145
13147
566
15277	9047	2062	2064
5751
12989	12990	12991	12992
-1
2009
13281	13323
1539	11649	7512	11644	6924	7208	200	16818	1206	7182	7535	198	1373	655	18811	5403	5404	5405	7573	5406	4954	7538	7635	1538	6846	11650	6612	726	11646	11647	11648	198	7517	16817	11231	8991	11239	182	11643	656	7124	7123	7518	195	7209	5132	7511	19102	4953	7514	7507	7541	7572	6613	4770	4769	7508	7509	7510	12670	7515	7542	7516	5407	12257
6961
313
2062
19021
7010	877
370	191	186	459	374	5998	4141	13281	12990	14113	185	7901	12992
2728
1992	2011	2019	2020	2018
2180
5797	5796
7753
3707
8472
5796
18811
2728
2728
14113
172	173	12990
14022
18154	17416
11705
15588	338	339	340	341	342	420
5214
14494
2728
4580
1035	2062	4404
18154
9716
13147	11805	9890
12934
200
2728
2731	2726	2728	7577	2728
11706
10758
2062
18154
2062
2728
18154	18676
7010
9246
13148	13147
4957
18154
18783
7591
18154
17880
2062
498
10691
11024	6545
10691
13518	14732	14734	5204
8208
8039	8040	8041
6230	17355
17880
14022
6478
7777	7778	7779	7782	7784
4619
7960
7591
17082
14114
133	126	127	125
2062
7515	6961	6962	6963	6964	6965	318	7508
125	127	15590	120	15588	15589	421	429	420
15275	15276	15278	15279	2981
123	127	128	135	136	420	421	429	430	5248	431	338	339	340	341	342	125	5247	5251	5249	5250	120	121	122
5372
5801
4783	4758
11474
6131
16619	4943	16620
8039
136	5247	5251	5249	5250	420	421	422	429	125	430	431	338	339	340	341	342	5248	120	121	122	123	127	128	135
1239
18580
5214
15590	15588
18367	16899	16898	1373
12990	12980
231
-1
12990
2728
2728
17416
7588	7589
18154
3117	313
14132
13030
5225
1463
6961	6962	6963	6965	18216
14114
338	340	339
14114
12806
6131
7515
17416
2062
14022	10850	2181	6905
9842
14022
18783
5801	13089	15320	15321	2025	10429	10430	12195	4037	4034	19103
17416
313
5214
12694
659
316	339	340
15638
11704	11706
3029
15634
9
9204
889	890	888	6846	655	656	4770
17416	6130
2062	15275	15276	15277
4946
10464	765
8718	8735
765
338	316
765
15590
268
10758
15589	421
-1
14494
7010
8990
13172	420	421	422	429	430	431	497	498	499
10758
5214
7857
17416
6483	6478	6485
3117
10740
3968	4619
313
6130
5709
10691
9842
5506
498
765
13788	5796
10761
11595
11705	11706	11705
7515	6961	6962	6963	6964	6965	318	7508
14309	7010
14114
7577
7515	6961	6962	6963	6964	6965	318	7508
12263	12262	12261
4801
662
10464
1463
10336
17416
5796	5797
11643	7539	7535	7536	7537
6980	6961	6962	6963	6964	6965	6968	6969	6970
15588	15589	890	889	13089
313	3117
10691	9842
7890
497	420	11418	498	18775	766	4562	9079	18762
13148	13147
1446	8692
2728
14022
122	121	124	120
10758
18154
10680
765
659
11648	7233	7233	7233	7226	15405	7233	7230	565	8997	16321	15591	11644	7012	15595	16511	7202	7227	7822	7200	7199	7273	7233	7821	16825	11646	1459	7574
7280
5452	5453
14511	14446	14513	637	636	14799	14441	4966	14444	9940
10152	10151	14476	19502	5801
13623
11649	11650	11644	11643	15588	15638
2180
13172	420	421	422	429	430	431	497	498	499
420	18820
14494
10336
2732
6607	6608
127	429	430	431	120	121	122	5248	5249	125
2728
18140	13148	13147	13625	13624	6279	376	375	6459	11220
13518
1446
282
12694
8039
5247	5251	5248	5249	5250
4409	4413	4410	16831
2731
765
14132
890
313
15588	15590	15589
17416
19103
5214
6130
14476	2981	13030	13281	9361	14113	14114	12266
10691
2728
10655
12987	12989	173	172
5998
5796	5780	5797
15588	15589	15590
5452	599
14915
15590	15588	15589
12980
182	6846	13519	15886	1373	8988	17406	14113	16493	565	4771	8997	7012	655	7822	16511	13455	4769	16492	3029	1538	1539	13827	200	14112	14114	4812	2288	7233	198	4769	7233	7227	15618	14112	12176	7233	7233	9562	7822	14112	4770	4812	4812	13038	8991	7227	4769	7233	7821	656	10783	15691	16511	16560	11530	16378	4770	16511	198	12176	4783
5214
14309
13148	13147	9890	15632	9106	9107	12694
11474
15496
15589	421
7935
890
15275
11796
314
8063
2728
2177
3490
18676
12990	12989	12991	12992	172	173
7276
318	324	316
10691
12266	14121	890
324	3117	313	316	318
5214
497	498
7508
2973	5214
6961	7507	9053	1254	1342
5796
14022
10974	985	281	13063
420
5797
14114
14114
11270
497	498
2728
890
6980	18216	6961	6962	6963	6964	6965	6968	6969	6970
1707
5214
7508
18154	7838
12988
13788
191
2728
17881
17091	1547
14114
14145
2062
5204	14732
9136	18580
13625
3111
662
18154	17416
231	13625
2178
14915
10741
6130
6545
4801
498	497
14915
16458	5372
11705
7857
13601
-1
13095
5214
765
10747
125	128	429	127	12262
14114
125	15589	15590	15588	18820	889	890
6961	6962	6963	6964	6965
7010
632	7577
6961
2062
7515	6961	6962	6963	6964	6965	318	7508
18154
10236
765
15247
7767	9248
18154
1239
9105	9069
6846
6980	6961	6962	6963	6965	6968	6970
13623	13624	13625
3849
2728
2187
1386
2728
497	498	420
497	498	499
1841
6230	17355
15590	15588	15589
4684
4034	4037
7753
10691
18154
7010
6980	6961	18216	6962	6963	6964	6965	6968	6969	6970
10741
3963
5214
7595	17398	7581
1463
13281
5796
7577
231	13625
13323
18774
6961	6962	6963
316
662
17406	16883	16889
601
7508
13147	13148
4783
316	313
420	421	422
12806
14915
5214
17416
5372
5248	5247	420	421	125	9079
14121	9890	6292
18936
566
10760
7010
18154
5372
18156
14915
2728
10680	12266	2733	15269	10689	9361
2015	2016	2017
13624
338
10687
6672	12967
6980	6961	6962	6963	6964	6965	6968	6969	6970
14494
7515	6961	6962	6963	6964	6965	318	7508
14290
14915
3117
18381
474
5780
12990
11805
18154
2015	2010	2009	9079	15634	15590	2011	2012	2014	2018	2019	2020	2021	2022	2017
2728
18676
12263	12261	12262
497
1421	18011	4860	7890
11796
18782
7577
2062	2064
15247
338	11643	339
14022
12990
12987	12990	17813
17393
7575
14022
9890
5214
125	5248	7508	7509
12987
6494
13148	13030
17083	17082	17091	17087	17084	17089
7494
2062
6791	13649
5796
17881
12694
9817	6325
7515	6961	6962	6963	6964	6965	318	7508
662
497	498	420	421
5709
7010
7010
5214
662
231
2728
