9071
232
2497
2981
15462
15639
323
316
317
318
319
321
327
324
328
329
11643
11644
3490
9118
130
131
12632
9072
6961
6962
6963
6964
6965
6966
6968
6969
6970
6971
6972
6974
6975
6980
6981
9075
9117
2499
9050
9082
9051
7198
7199
7202
132
7507
7508
7509
7510
7512
7514
7515
7516
7517
7518
11650
11646
11647
11648
11649
128
8762
8764
9053
9054
9055
9056
9057
9058
9059
9019
9060
9062
9063
9064
9065
9066
9067
9068
9069
9073
9074
9078
9079
9086
9087
9047
9048
9101
9102
9103
9104
9105
9106
9107
9111
9112
9113
12631
12633
12634
12635
12637
9089
9093
13325
9094
18145
322
1994
15631
6983
9109
9096
9095
315
10447
7771
2502
9097
15252
15253
15254
15626
15627
15628
15630
15632
15633
15634
15635
15636
15637
15638
15644
15645
15646
15647
15587
15588
15589
15590
15593
231
18128
2009
2010
2011
2012
2013
2014
2018
1992
2019
2020
2021
2022
2496
9020
7200
9083
9098
9021
9090
2017
2016
2015
320
9099
18123
9084
12636
9108
129
1993
9077
9061
1995
9091
9070